0 0.5640756302521008 0.9224872231686542 0.14705882352941177 0.15502555366269166
0 0.8592436974789915 0.9216354344122658 0.15966386554621848 0.1567291311754685
0 0.9369747899159664 0.6942078364565588 0.12605042016806722 0.20272572402044292
0 0.6565126050420168 0.5672913117546848 0.09873949579831932 0.1362862010221465
0 0.8261554621848739 0.5664395229982965 0.10189075630252101 0.13798977853492334
0 0.766281512605042 0.4395229982964225 0.07878151260504201 0.10221465076660988
0 0.6418067226890756 0.444633730834753 0.07352941176470588 0.09880749574105623
0 0.7442226890756303 0.32282793867120957 0.04726890756302521 0.07325383304940375
0 0.7557773109243697 0.3901192504258944 0.05987394957983193 0.08177172061328791
0 0.7053571428571428 0.18143100511073254 0.03046218487394958 0.039182282793867124
0 0.5877100840336135 0.2120954003407155 0.03466386554621849 0.04940374787052811
0 0.6465336134453781 0.20357751277683134 0.03256302521008403 0.04940374787052811
0 0.6628151260504201 0.2606473594548552 0.044117647058823525 0.05792163543441227
0 0.6685924369747899 0.15843270868824533 0.024159663865546216 0.030664395229982964
0 0.46008403361344535 0.151618398637138 0.0273109243697479 0.030664395229982964
0 0.39810924369747897 0.18654173764906304 0.044117647058823525 0.039182282793867124
0 0.2652310924369748 0.20272572402044292 0.051470588235294115 0.054514480408858604
0 0.6134453781512604 0.14821124361158433 0.02310924369747899 0.030664395229982964
0 0.6066176470588235 0.1354344122657581 0.01995798319327731 0.028960817717206135
0 0.64390756302521 0.12947189097103917 0.021008403361344536 0.030664395229982964
0 0.6433823529411764 0.10051107325383304 0.01365546218487395 0.020442930153321978
0 0.6334033613445378 0.09369676320272573 0.012605042016806723 0.020442930153321978
0 0.6271008403361344 0.12521294718909712 0.018907563025210083 0.02555366269165247
0 0.5157563025210083 0.09284497444633731 0.018907563025210083 0.022146507666098807
0 0.49212184873949577 0.09710391822827939 0.015756302521008403 0.020442930153321978
0 0.4879201680672269 0.13884156729131175 0.022058823529411763 0.028960817717206135
0 0.4968487394957983 0.12436115843270869 0.018907563025210083 0.027257240204429302
0 0.5084033613445378 0.1201022146507666 0.018907563025210083 0.028960817717206135
0 0.46481092436974786 0.11754684838160137 0.024159663865546216 0.02385008517887564
0 0.09453781512605042 0.25042589437819424 0.09033613445378151 0.044293015332197615
0 0.11607142857142856 0.22657580919931858 0.05567226890756302 0.040885860306643956
0 0.05304621848739496 0.24361158432708688 0.06827731092436974 0.05110732538330494
1 0.024159663865546216 0.11243611584327087 0.03361344537815126 0.07836456558773425
1 0.1769957983193277 0.30664395229982966 0.024159663865546216 0.05110732538330494
1 0.14653361344537816 0.16098807495741058 0.022058823529411763 0.056218057921635436
2 0.3245798319327731 0.06473594548551959 0.014705882352941176 0.054514480408858604
2 0.5047268907563025 0.03236797274275979 0.017857142857142856 0.013628620102214651
3 0.6428571428571428 0.3543441226575809 0.10504201680672269 0.16695059625212946
4 0.6144957983193277 0.0919931856899489 0.025210084033613446 0.044293015332197615
