0 0.975 0.11203703703703705 0.04791666666666666 0.05740740740740741
0 0.6359375 0.12222222222222223 0.036458333333333336 0.06296296296296297
0 0.8901041666666667 0.18611111111111112 0.065625 0.08333333333333334
4 0.5182291666666666 0.16018518518518518 0.078125 0.1537037037037037
0 0.6151041666666667 0.07407407407407407 0.03229166666666666 0.040740740740740744
5 0.30572916666666666 0.6129629629629629 0.04479166666666667 0.1851851851851852
0 0.8895833333333333 0.06759259259259259 0.04375 0.0462962962962963
0 0.5765625 0.5592592592592592 0.103125 0.22222222222222224
0 0.2359375 0.25277777777777777 0.071875 0.08333333333333334
0 0.9520833333333333 0.0638888888888889 0.04583333333333333 0.04259259259259259
0 0.6645833333333333 0.06296296296296297 0.027083333333333334 0.03333333333333333
0 0.9890625 0.061111111111111116 0.021875 0.040740740740740744
3 0.7078125 0.06018518518518519 0.026041666666666668 0.05
6 0.315625 0.23981481481481481 0.016666666666666666 0.020370370370370372
0 0.5729166666666666 0.11574074074074074 0.04375 0.07962962962962963
0 0.5838541666666667 0.018518518518518517 0.019791666666666666 0.02592592592592593
0 0.15572916666666667 0.35185185185185186 0.103125 0.12962962962962962
0 0.275 0.2175925925925926 0.06666666666666667 0.08703703703703704
6 0.184375 0.4564814814814815 0.03125 0.03518518518518519
0 0.2015625 0.2916666666666667 0.06770833333333333 0.09074074074074075
0 0.04114583333333333 0.5194444444444445 0.071875 0.16111111111111112
6 0.10208333333333333 0.4398148148148148 0.06458333333333333 0.053703703703703705
5 0.303125 0.5444444444444445 0.029166666666666667 0.15185185185185185
5 0.3302083333333333 0.5120370370370371 0.022916666666666665 0.1462962962962963
5 0.353125 0.4601851851851852 0.027083333333333334 0.1388888888888889
5 0.3515625 0.40185185185185185 0.021875 0.10370370370370371
5 0.896875 0.1212962962962963 0.01875 0.053703703703703705
5 0.1859375 0.39814814814814814 0.03229166666666666 0.07777777777777778
5 0.315625 0.20740740740740743 0.014583333333333334 0.040740740740740744
3 0.4328125 0.13148148148148148 0.08854166666666667 0.06666666666666667
