0 0.5385416666666667 0.22962962962962963 0.041666666666666664 0.07037037037037037
0 0.6020833333333333 0.33055555555555555 0.0625 0.10555555555555556
0 0.8796875 0.30833333333333335 0.078125 0.08703703703703704
0 0.9854166666666666 0.19444444444444445 0.029166666666666667 0.05185185185185186
0 0.9744791666666667 0.14722222222222223 0.042708333333333334 0.0462962962962963
0 0.6640625 0.6231481481481481 0.10729166666666666 0.23148148148148148
0 0.9119791666666667 0.14907407407407408 0.04479166666666667 0.053703703703703705
0 0.6229166666666667 0.17500000000000002 0.041666666666666664 0.04259259259259259
0 0.178125 0.39722222222222225 0.09791666666666667 0.12037037037037038
0 0.5864583333333333 0.13425925925925927 0.027083333333333334 0.0462962962962963
5 0.3848958333333333 0.5694444444444444 0.036458333333333336 0.16111111111111112
5 0.34375 0.5638888888888889 0.03125 0.1462962962962963
0 0.6104166666666666 0.21574074074074076 0.03958333333333333 0.06481481481481481
0 0.6338541666666666 0.13796296296296298 0.034375 0.02777777777777778
0 0.7604166666666666 0.2138888888888889 0.05416666666666667 0.08333333333333334
0 0.22395833333333334 0.34444444444444444 0.06458333333333333 0.0925925925925926
0 0.26145833333333335 0.30462962962962964 0.0625 0.07962962962962963
0 0.553125 0.09351851851851853 0.01875 0.02777777777777778
0 0.6848958333333334 0.08333333333333334 0.03229166666666666 0.03333333333333333
0 0.3385416666666667 0.1574074074074074 0.0375 0.05555555555555556
0 0.40625 0.14722222222222223 0.0375 0.0462962962962963
0 0.721875 0.14537037037037037 0.029166666666666667 0.03888888888888889
0 0.32447916666666665 0.23611111111111113 0.04895833333333333 0.07962962962962963
0 0.5890625 0.10740740740740741 0.02395833333333333 0.03333333333333333
0 0.2947916666666667 0.26666666666666666 0.0625 0.07037037037037037
6 0.09895833333333333 0.625 0.06458333333333333 0.07962962962962963
5 0.315625 0.6490740740740741 0.035416666666666666 0.1685185185185185
5 0.24270833333333333 0.6574074074074074 0.04583333333333333 0.1851851851851852
5 0.31927083333333334 0.5962962962962963 0.026041666666666668 0.16666666666666669
6 0.12083333333333333 0.47962962962962963 0.07083333333333333 0.06666666666666667
5 0.084375 0.5722222222222223 0.03125 0.1
5 0.36614583333333334 0.4564814814814815 0.03229166666666666 0.10185185185185186
5 0.9177083333333333 0.20833333333333334 0.016666666666666666 0.07592592592592592
