5 0.644 0.7066666666666667 0.10400000000000001 0.288
0 0.067 0.604 0.134 0.17333333333333334
5 0.747 0.688 0.078 0.29333333333333333
0 0.924 0.6146666666666667 0.124 0.152
0 0.6910000000000001 0.5826666666666667 0.08600000000000001 0.09333333333333332
0 0.56 0.5613333333333334 0.08 0.072
0 0.028 0.5066666666666666 0.056 0.03733333333333333
0 0.164 0.5479999999999999 0.22 0.11466666666666667
0 0.506 0.5573333333333333 0.04 0.05333333333333333
3 0.307 0.5906666666666667 0.17400000000000002 0.16266666666666665
2 0.372 0.37866666666666665 0.06 0.13333333333333333
7 0.8250000000000001 0.12266666666666666 0.026000000000000002 0.048
