0 0.161 0.9546666666666667 0.314 0.09066666666666666
0 0.595 0.9786666666666667 0.39 0.042666666666666665
7 0.777 0.12133333333333333 0.03 0.04533333333333333
7 0.679 0.20133333333333334 0.038 0.072
7 0.609 0.256 0.034 0.048
7 0.5630000000000001 0.29866666666666664 0.034 0.058666666666666666
7 0.527 0.3253333333333333 0.03 0.042666666666666665
7 0.8190000000000001 0.096 0.03 0.05333333333333333
7 0.456 0.388 0.032 0.029333333333333333
7 0.39 0.444 0.04 0.04
7 0.433 0.4106666666666667 0.026000000000000002 0.032
