0 0.5838020247469067 0.278 0.031496062992125984 0.028
2 0.4167604049493814 0.082 0.03712035995500563 0.116
5 0.6051743532058493 0.596 0.03374578177727784 0.148
2 0.5281214848143982 0.34800000000000003 0.02362204724409449 0.092
5 0.5466816647919011 0.619 0.024746906636670417 0.194
5 0.7294713160854894 0.43 0.02362204724409449 0.12
0 0.6141732283464567 0.249 0.029246344206974133 0.038
1 0.562429696287964 0.357 0.0359955005624297 0.054
1 0.750281214848144 0.28600000000000003 0.022497187851518562 0.044
1 0.750281214848144 0.047 0.026996625421822275 0.042
