0 0.259375 0.3787037037037037 0.11041666666666666 0.17592592592592593
0 0.19166666666666665 0.06851851851851852 0.027083333333333334 0.02962962962962963
0 0.078125 0.05648148148148149 0.022916666666666665 0.031481481481481485
0 0.06145833333333333 0.07685185185185185 0.027083333333333334 0.0462962962962963
0 0.10572916666666667 0.012962962962962964 0.028125 0.02592592592592593
0 0.13385416666666666 0.01388888888888889 0.019791666666666666 0.02777777777777778
0 0.7682291666666666 0.21481481481481482 0.071875 0.07777777777777778
5 0.6140625 0.22685185185185186 0.017708333333333333 0.0462962962962963
0 0.11822916666666666 0.012037037037037037 0.04479166666666667 0.02777777777777778
5 0.7078125 0.2388888888888889 0.013541666666666667 0.08148148148148149
5 0.6713541666666667 0.225 0.017708333333333333 0.07592592592592592
5 0.6395833333333333 0.2111111111111111 0.0125 0.07777777777777778
5 0.6270833333333333 0.20185185185185187 0.0125 0.07037037037037037
5 0.5958333333333333 0.19074074074074074 0.010416666666666666 0.07777777777777778
5 0.5796875 0.17592592592592593 0.011458333333333333 0.05925925925925926
5 0.5317708333333333 0.16481481481481483 0.013541666666666667 0.06666666666666667
5 0.5166666666666666 0.1675925925925926 0.014583333333333334 0.05740740740740741
