7 0.06799999999999999 0.311 0.026666666666666665 0.038
7 0.22733333333333333 0.301 0.02 0.034
7 0.24933333333333332 0.3 0.018666666666666665 0.028
7 0.3793333333333333 0.306 0.014666666666666666 0.044
7 0.5386666666666666 0.294 0.021333333333333333 0.032
7 0.5626666666666666 0.296 0.016 0.032
7 0.6906666666666667 0.294 0.016 0.024
7 0.7166666666666667 0.28600000000000003 0.014666666666666666 0.028
0 0.42533333333333334 0.72 0.03733333333333333 0.048
1 0.5606666666666666 0.578 0.044 0.036000000000000004
1 0.5826666666666667 0.599 0.03733333333333333 0.03
1 0.596 0.61 0.024 0.024
