0 0.8232984293193718 0.795 0.1492146596858639 0.074
7 0.08573298429319372 0.117 0.0274869109947644 0.098
1 0.2349476439790576 0.737 0.03534031413612566 0.058
0 0.9587696335078535 0.739 0.07984293193717278 0.042
0 0.8599476439790577 0.746 0.07329842931937174 0.044
0 0.16753926701570682 0.8280000000000001 0.020942408376963352 0.028
5 0.7388743455497383 0.773 0.0274869109947644 0.054
0 0.1400523560209424 0.809 0.020942408376963352 0.03
7 0.4535340314136126 0.165 0.032722513089005235 0.082
0 0.6878272251308901 0.758 0.05628272251308901 0.044
0 0.6171465968586388 0.76 0.10340314136125656 0.04
1 0.8992146596858639 0.668 0.034031413612565446 0.07200000000000001
1 0.8324607329842932 0.528 0.02356020942408377 0.04
