0 0.5713541666666666 0.6018518518518519 0.165625 0.17407407407407408
0 0.559375 0.38333333333333336 0.11041666666666666 0.10740740740740741
0 0.9182291666666667 0.5657407407407408 0.16145833333333334 0.19444444444444445
0 0.7244791666666667 0.46481481481481485 0.14895833333333333 0.11111111111111112
0 0.475 0.46944444444444444 0.14791666666666667 0.11666666666666667
4 0.3807291666666667 0.32407407407407407 0.190625 0.20740740740740743
0 0.5432291666666667 0.7546296296296297 0.18854166666666666 0.29074074074074074
0 0.20885416666666667 0.3888888888888889 0.06354166666666666 0.0925925925925926
0 0.5921875 0.2990740740740741 0.08645833333333333 0.07592592592592592
0 0.9583333333333334 0.4175925925925926 0.08125 0.1277777777777778
0 0.8057291666666666 0.7657407407407407 0.28020833333333334 0.3611111111111111
0 0.7697916666666667 0.3490740740740741 0.12708333333333333 0.11666666666666667
0 0.7869791666666667 0.5722222222222223 0.171875 0.20370370370370372
0 0.20104166666666667 0.312962962962963 0.04791666666666666 0.06666666666666667
0 0.2942708333333333 0.3824074074074074 0.06770833333333333 0.09444444444444444
0 0.8624999999999999 0.25833333333333336 0.0625 0.0462962962962963
0 0.9526041666666667 0.737962962962963 0.09479166666666666 0.1685185185185185
0 0.6723958333333333 0.18981481481481483 0.042708333333333334 0.031481481481481485
0 0.23124999999999998 0.275 0.05625 0.07222222222222223
0 0.29322916666666665 0.19351851851851853 0.03229166666666666 0.03518518518518519
0 0.10416666666666667 0.23333333333333334 0.03125 0.05185185185185186
0 0.4375 0.23148148148148148 0.058333333333333334 0.05555555555555556
0 0.9546875 0.27685185185185185 0.06770833333333333 0.0462962962962963
0 0.8114583333333333 0.2351851851851852 0.04583333333333333 0.037037037037037035
0 0.18333333333333332 0.1953703703703704 0.03333333333333333 0.04259259259259259
0 0.26927083333333335 0.24444444444444446 0.04479166666666667 0.05185185185185186
3 0.5734375 0.18981481481481483 0.04895833333333333 0.03888888888888889
0 0.7713541666666667 0.26203703703703707 0.059375 0.03888888888888889
0 0.6640625 0.22222222222222224 0.04895833333333333 0.03333333333333333
0 0.46822916666666664 0.27685185185185185 0.04895833333333333 0.07222222222222223
0 0.7661458333333333 0.2388888888888889 0.04895833333333333 0.03333333333333333
0 0.9161458333333333 0.3111111111111111 0.057291666666666664 0.040740740740740744
0 0.965625 0.3101851851851852 0.052083333333333336 0.05
