0 0.6234375000000001 0.8541666666666666 0.22812500000000002 0.12083333333333333
0 0.1765625 0.8791666666666667 0.12187500000000001 0.0875
0 0.06328125 0.8916666666666666 0.1171875 0.1
0 0.8625 0.871875 0.27187500000000003 0.20208333333333334
0 0.33046875000000003 0.9083333333333333 0.2484375 0.15833333333333333
0 0.035937500000000004 0.90625 0.07187500000000001 0.1
0 0.48359375000000004 0.8260416666666667 0.1203125 0.06458333333333333
0 0.26015625000000003 0.8395833333333333 0.08281250000000001 0.03333333333333333
0 0.94453125 0.8135416666666666 0.11406250000000001 0.08958333333333333
7 0.41250000000000003 0.16666666666666666 0.03125 0.04583333333333333
7 0.9695312500000001 0.2583333333333333 0.0234375 0.025
7 0.9789062500000001 0.33229166666666665 0.0203125 0.03125
7 0.8875000000000001 0.24791666666666667 0.009375000000000001 0.025
7 0.828125 0.240625 0.037500000000000006 0.022916666666666665
7 0.9031250000000001 0.2520833333333333 0.0125 0.020833333333333332
7 0.91796875 0.2552083333333333 0.0140625 0.027083333333333334
