0 0.6461769115442278 0.581 0.1169415292353823 0.074
4 0.1866566716641679 0.554 0.3313343328335832 0.128
0 0.5569715142428785 0.562 0.0704647676161919 0.036000000000000004
5 0.3950524737631184 0.559 0.013493253373313342 0.034
4 0.02848575712143928 0.561 0.05697151424287856 0.106
0 0.5397301349325337 0.5630000000000001 0.03298350824587706 0.034
2 0.5569715142428785 0.146 0.037481259370314844 0.108
2 0.6604197901049476 0.187 0.031484257871064465 0.10200000000000001
2 0.7158920539730135 0.209 0.034482758620689655 0.094
2 0.8035982008995503 0.251 0.029985007496251874 0.09
2 0.8388305847076462 0.521 0.010494752623688156 0.014
2 0.308095952023988 0.451 0.010494752623688156 0.034
2 0.356071964017991 0.457 0.0074962518740629685 0.026000000000000002
2 0.3785607196401799 0.461 0.0074962518740629685 0.03
2 0.40554722638680657 0.463 0.0074962518740629685 0.026000000000000002
