4 0.5419790104947526 0.517 0.26836581709145424 0.166
0 0.11469265367316342 0.59 0.22638680659670163 0.176
0 0.8943028485757121 0.5670000000000001 0.20239880059970014 0.10200000000000001
0 0.7721139430284857 0.529 0.07496251874062969 0.038
8 0.2788605697151424 0.5750000000000001 0.047976011994003 0.046
5 0.6904047976011993 0.534 0.022488755622188904 0.04
5 0.4077961019490255 0.552 0.0239880059970015 0.056
5 0.712143928035982 0.533 0.020989505247376312 0.038
4 0.3290854572713643 0.543 0.037481259370314844 0.066
5 0.2818590704647676 0.54 0.026986506746626684 0.06
