4 0.4458333333333333 0.1574074074074074 0.19791666666666666 0.17037037037037037
0 0.309375 0.20462962962962963 0.07708333333333334 0.07222222222222223
4 0.22239583333333332 0.10555555555555556 0.109375 0.10370370370370371
0 0.17291666666666666 0.14537037037037037 0.052083333333333336 0.053703703703703705
0 0.22708333333333333 0.5175925925925926 0.14583333333333334 0.20925925925925926
0 0.6963541666666666 0.16111111111111112 0.084375 0.07407407407407407
0 0.036458333333333336 0.25925925925925924 0.0625 0.0925925925925926
0 0.10729166666666666 0.13518518518518519 0.03958333333333333 0.037037037037037035
0 0.029166666666666667 0.08148148148148149 0.020833333333333332 0.022222222222222223
0 0.11822916666666666 0.1277777777777778 0.04895833333333333 0.037037037037037035
0 0.9192708333333334 0.08425925925925926 0.04895833333333333 0.08333333333333334
0 0.8213541666666666 0.08611111111111111 0.057291666666666664 0.06851851851851852
0 0.7630208333333334 0.08888888888888889 0.05520833333333333 0.05925925925925926
5 0.7484375 0.21574074074074076 0.026041666666666668 0.10555555555555556
0 0.8536458333333333 0.19907407407407407 0.10520833333333333 0.09074074074074075
