0 0.322 0.6373333333333333 0.076 0.05333333333333333
2 0.6900000000000001 0.4053333333333333 0.048 0.026666666666666665
4 0.39 0.604 0.064 0.072
0 0.26 0.6253333333333333 0.07200000000000001 0.06666666666666667
6 0.504 0.6746666666666666 0.068 0.048
5 0.036000000000000004 0.6466666666666666 0.032 0.056
0 0.492 0.6146666666666667 0.036000000000000004 0.029333333333333333
0 0.617 0.6066666666666667 0.022 0.013333333333333332
2 0.742 0.4066666666666667 0.016 0.024
5 0.158 0.6333333333333333 0.02 0.050666666666666665
2 0.756 0.4053333333333333 0.044 0.026666666666666665
1 0.8190000000000001 0.40399999999999997 0.066 0.050666666666666665
1 0.892 0.476 0.044 0.13599999999999998
