0 0.9070312500000001 0.8549160671462829 0.1859375 0.290167865707434
0 0.29296875 0.42206235011990406 0.19843750000000002 0.12949640287769784
0 0.909375 0.4160671462829736 0.18125000000000002 0.09832134292565947
0 0.51484375 0.4916067146282973 0.23593750000000002 0.3021582733812949
5 0.08984375 0.382494004796163 0.035937500000000004 0.10311750599520383
0 0.06875 0.618705035971223 0.1375 0.5419664268585132
2 0.41171875 0.1990407673860911 0.0421875 0.08633093525179855
7 0.40937500000000004 0.11750599520383692 0.025 0.02398081534772182
5 0.7640625000000001 0.36810551558752996 0.015625 0.07434052757793765
5 0.7453125 0.3884892086330935 0.015625 0.06235011990407673
