0 0.5875 0.2742782152230971 0.05 0.049868766404199474
0 0.65625 0.3346456692913386 0.05625 0.06036745406824147
0 0.96875 0.6076115485564304 0.0625 0.08136482939632546
0 0.27109375 0.10236220472440945 0.029687500000000002 0.03674540682414698
0 0.48515625 0.19685039370078738 0.045312500000000006 0.04199475065616798
0 0.71015625 0.3884514435695538 0.0703125 0.07349081364829396
0 0.5437500000000001 0.24015748031496062 0.053125000000000006 0.049868766404199474
0 0.446875 0.1653543307086614 0.037500000000000006 0.03674540682414698
0 0.8015625000000001 0.46062992125984253 0.05 0.07086614173228346
0 0.014843750000000001 0.34776902887139105 0.029687500000000002 0.10761154855643044
0 0.69140625 0.3674540682414698 0.08281250000000001 0.07874015748031496
0 0.34375 0.463254593175853 0.053125000000000006 0.08661417322834646
0 0.55234375 0.9081364829396326 0.1015625 0.1679790026246719
0 0.09062500000000001 0.2952755905511811 0.025 0.06561679790026247
0 0.01640625 0.09973753280839895 0.0234375 0.03674540682414698
0 0.014843750000000001 0.0721784776902887 0.026562500000000003 0.023622047244094488
3 0.015625 0.04199475065616798 0.03125 0.047244094488188976
0 0.0703125 0.011811023622047244 0.021875000000000002 0.023622047244094488
0 0.1453125 0.05643044619422572 0.025 0.03937007874015748
3 0.115625 0.0826771653543307 0.034375 0.07611548556430446
5 0.603125 0.47506561679790027 0.0125 0.04199475065616798
5 0.584375 0.5196850393700787 0.0125 0.05249343832020997
