0 0.47800000000000004 0.4670164917541229 0.428 0.12143928035982009
0 0.805 0.41379310344827586 0.11800000000000001 0.05397301349325337
0 0.331 0.40929535232383807 0.058 0.026986506746626684
5 0.646 0.4085457271364318 0.024 0.046476761619190406
8 0.931 0.48950524737631185 0.138 0.06446776611694152
0 0.262 0.4070464767616192 0.032 0.022488755622188904
0 0.896 0.41904047976011993 0.136 0.06746626686656672
0 0.561 0.41829085457271364 0.106 0.047976011994003
0 0.096 0.4047976011994003 0.028 0.014992503748125937
0 0.24 0.4047976011994003 0.036000000000000004 0.017991004497751123
5 0.933 0.4460269865067466 0.066 0.10344827586206896
0 0.008 0.41154422788605693 0.016 0.025487256371814093
0 0.292 0.40629685157421286 0.044 0.029985007496251874
4 0.455 0.38830584707646176 0.162 0.038980509745127435
