2 0.9325000000000001 0.25666666666666665 0.028333333333333335 0.08222222222222222
5 0.22166666666666668 0.56 0.04 0.12444444444444444
2 0.8191666666666667 0.27666666666666667 0.028333333333333335 0.07333333333333333
0 0.14666666666666667 0.5511111111111111 0.13 0.07111111111111111
0 0.085 0.5477777777777778 0.09333333333333334 0.06
2 0.7208333333333333 0.29333333333333333 0.028333333333333335 0.08888888888888889
0 0.38083333333333336 0.5355555555555556 0.07833333333333334 0.026666666666666665
0 0.45583333333333337 0.5366666666666666 0.06166666666666667 0.028888888888888888
0 0.5591666666666667 0.5333333333333333 0.055 0.022222222222222223
1 0.9858333333333335 0.24555555555555555 0.028333333333333335 0.07777777777777778
