0 0.5833333333333334 0.7145833333333333 0.23611111111111113 0.12916666666666665
0 0.09861111111111112 0.703125 0.2 0.12291666666666666
0 0.3680555555555556 0.6697916666666667 0.08611111111111111 0.05625
2 0.5986111111111111 0.5010416666666666 0.03333333333333333 0.022916666666666665
5 0.8027777777777778 0.6770833333333334 0.025 0.07083333333333333
0 0.33194444444444443 0.671875 0.05 0.04791666666666666
5 0.9111111111111111 0.6697916666666667 0.022222222222222223 0.06458333333333333
4 0.4479166666666667 0.6479166666666667 0.07916666666666666 0.08333333333333333
2 0.545138888888889 0.5020833333333333 0.03194444444444445 0.025
2 0.64375 0.49895833333333334 0.0125 0.022916666666666665
2 0.6944444444444444 0.49583333333333335 0.030555555555555558 0.020833333333333332
