5 0.9071762870514821 0.5 0.10140405616224649 0.3583138173302108
5 0.14742589703588144 0.5772833723653396 0.1170046801872075 0.3255269320843091
0 0.5140405616224649 0.4344262295081967 0.0514820592823713 0.0351288056206089
4 0.3619344773790952 0.4098360655737705 0.2059282371294852 0.11241217798594848
8 0.15288611544461778 0.6639344262295082 0.20280811232449297 0.2224824355971897
8 0.6388455538221529 0.6533957845433255 0.21996879875195008 0.22014051522248243
5 0.609204368174727 0.5269320843091335 0.060842433697347896 0.22950819672131148
5 0.8205928237129485 0.46252927400468385 0.046801872074883 0.1288056206088993
0 0.46567862714508584 0.43208430913348944 0.029641185647425898 0.03044496487119438
6 0.8198127925117005 0.5081967213114754 0.060842433697347896 0.08899297423887588
5 0.6544461778471139 0.4613583138173302 0.0202808112324493 0.04215456674473068
2 0.6544461778471139 0.2822014051522248 0.057722308892355696 0.02576112412177986
