0 0.9092953523238381 0.511 0.1424287856071964 0.058
0 0.9827586206896551 0.505 0.034482758620689655 0.042
0 0.4047976011994003 0.498 0.041979010494752625 0.02
0 0.5239880059970015 0.505 0.031484257871064465 0.026000000000000002
0 0.527736131934033 0.497 0.041979010494752625 0.026000000000000002
0 0.4452773613193403 0.497 0.029985007496251874 0.018000000000000002
1 0.48425787106446777 0.199 0.1199400299850075 0.062
2 0.6484257871064467 0.28500000000000003 0.04047976011994003 0.03
2 0.717391304347826 0.279 0.043478260869565216 0.034
0 0.1386806596701649 0.51 0.08545727136431784 0.06
