0 0.245 0.6599462365591399 0.218 0.18010752688172044
4 0.375 0.5510752688172044 0.154 0.19892473118279572
0 0.8310000000000001 0.5900537634408602 0.13 0.08870967741935484
0 0.9560000000000001 0.6586021505376345 0.084 0.20430107526881722
0 0.686 0.5658602150537635 0.056 0.051075268817204304
0 0.745 0.5739247311827957 0.07 0.06720430107526883
0 0.917 0.5739247311827957 0.11 0.08333333333333334
0 0.633 0.5618279569892474 0.026000000000000002 0.03763440860215054
0 0.589 0.5537634408602151 0.026000000000000002 0.016129032258064516
0 0.47200000000000003 0.5537634408602151 0.032 0.048387096774193554
7 0.63 0.3360215053763441 0.008 0.016129032258064516
7 0.777 0.331989247311828 0.014 0.01881720430107527
7 0.397 0.34543010752688175 0.01 0.013440860215053765
