0 0.31875 0.8537037037037037 0.3375 0.2925925925925926
0 0.8875 0.5083333333333333 0.19583333333333333 0.1685185185185185
4 0.5130208333333334 0.42129629629629634 0.30104166666666665 0.3574074074074074
0 0.9463541666666666 0.24722222222222223 0.103125 0.06481481481481481
0 0.3072916666666667 0.13703703703703704 0.03333333333333333 0.044444444444444446
0 0.7588541666666666 0.20092592592592592 0.078125 0.05
0 0.3671875 0.23611111111111113 0.046875 0.05
0 0.09895833333333333 0.36203703703703705 0.08333333333333333 0.11666666666666667
0 0.31875 0.8537037037037037 0.3375 0.2925925925925926
0 0.8875 0.5083333333333333 0.19583333333333333 0.1685185185185185
4 0.5130208333333334 0.42129629629629634 0.30104166666666665 0.3574074074074074
0 0.9463541666666666 0.24722222222222223 0.103125 0.06481481481481481
0 0.3072916666666667 0.13703703703703704 0.03333333333333333 0.044444444444444446
0 0.7588541666666666 0.20092592592592592 0.078125 0.05
0 0.3671875 0.23611111111111113 0.046875 0.05
0 0.09895833333333333 0.36203703703703705 0.08333333333333333 0.11666666666666667
0 0.14739583333333334 0.26944444444444443 0.028125 0.05
0 0.13645833333333332 0.2111111111111111 0.03333333333333333 0.05185185185185186
1 0.7864583333333334 0.7064814814814815 0.05 0.2796296296296296
