4 0.471875 0.19351851851851853 0.13333333333333333 0.15
0 0.5145833333333333 0.325 0.058333333333333334 0.09074074074074075
0 0.4119791666666667 0.27870370370370373 0.090625 0.06851851851851852
0 0.5828125 0.21203703703703705 0.03854166666666667 0.061111111111111116
3 0.5135416666666667 0.47500000000000003 0.09166666666666666 0.20185185185185187
0 0.11458333333333333 0.412962962962963 0.08541666666666667 0.10370370370370371
0 0.5588541666666667 0.18888888888888888 0.03229166666666666 0.04814814814814815
5 0.275 0.4777777777777778 0.029166666666666667 0.11111111111111112
0 0.3151041666666667 0.2777777777777778 0.06354166666666666 0.07037037037037037
0 0.057812499999999996 0.45462962962962966 0.08229166666666667 0.09444444444444444
5 0.05677083333333333 0.812962962962963 0.051041666666666666 0.1962962962962963
0 0.9713541666666666 0.1685185185185185 0.053125 0.05185185185185186
0 0.5588541666666667 0.12407407407407407 0.021875 0.03333333333333333
0 0.6291666666666667 0.12592592592592594 0.025 0.037037037037037035
5 0.0171875 0.850925925925926 0.034375 0.22037037037037038
5 0.09322916666666667 0.7592592592592593 0.04895833333333333 0.1814814814814815
4 0.7171875 0.05740740740740741 0.036458333333333336 0.06666666666666667
0 0.953125 0.15555555555555556 0.035416666666666666 0.044444444444444446
5 0.23541666666666666 0.48333333333333334 0.027083333333333334 0.12592592592592594
0 0.6989583333333333 0.09722222222222222 0.01875 0.03518518518518519
5 0.20625 0.5916666666666667 0.0375 0.1425925925925926
0 0.5885416666666666 0.1527777777777778 0.03125 0.04259259259259259
0 0.020833333333333332 0.5027777777777778 0.041666666666666664 0.08333333333333334
5 0.21822916666666667 0.5620370370370371 0.040625 0.10185185185185186
0 0.56875 0.08703703703703704 0.01875 0.022222222222222223
0 0.5947916666666666 0.11666666666666667 0.01875 0.02962962962962963
0 0.58125 0.13055555555555556 0.027083333333333334 0.02777777777777778
5 0.2661458333333333 0.3907407407407408 0.02395833333333333 0.08148148148148149
0 0.23124999999999998 0.3287037037037037 0.041666666666666664 0.08333333333333334
5 0.165625 0.612037037037037 0.035416666666666666 0.1425925925925926
0 0.3151041666666667 0.23796296296296296 0.059375 0.061111111111111116
0 0.2484375 0.2898148148148148 0.046875 0.07222222222222223
0 0.35052083333333334 0.20833333333333334 0.034375 0.053703703703703705
0 0.16510416666666666 0.24166666666666667 0.103125 0.053703703703703705
0 0.075 0.25462962962962965 0.05625 0.061111111111111116
0 0.0515625 0.28611111111111115 0.08020833333333333 0.08703703703703704
