4 0.7234375 0.17500000000000002 0.14479166666666665 0.21666666666666667
0 0.3515625 0.2972222222222222 0.07604166666666666 0.1277777777777778
0 0.5859375 0.09907407407407408 0.034375 0.05740740740740741
0 0.34010416666666665 0.08425925925925926 0.05520833333333333 0.0462962962962963
0 0.5598958333333334 0.020370370370370372 0.036458333333333336 0.040740740740740744
0 0.43854166666666666 0.05092592592592593 0.029166666666666667 0.04259259259259259
0 0.459375 0.09814814814814815 0.03333333333333333 0.05555555555555556
0 0.6744791666666666 0.018518518518518517 0.021875 0.03333333333333333
0 0.0953125 0.9185185185185185 0.190625 0.16296296296296298
5 0.043229166666666666 0.4305555555555556 0.030208333333333334 0.12407407407407407
5 0.090625 0.3768518518518519 0.03125 0.11666666666666667
5 0.14322916666666666 0.3277777777777778 0.019791666666666666 0.12592592592592594
