4 0.5182291666666666 0.20370370370370372 0.09895833333333333 0.20740740740740743
0 0.6833333333333333 0.2212962962962963 0.05625 0.09074074074074075
0 0.1453125 0.5111111111111112 0.12395833333333334 0.17037037037037037
0 0.040625 0.5148148148148148 0.08125 0.17037037037037037
0 0.13489583333333333 0.375 0.09270833333333334 0.10555555555555556
0 0.18333333333333332 0.33055555555555555 0.08333333333333333 0.10925925925925926
0 0.6135416666666667 0.15 0.03958333333333333 0.06666666666666667
5 0.3442708333333333 0.26296296296296295 0.021875 0.0925925925925926
0 0.225 0.28425925925925927 0.06875 0.09814814814814815
0 0.0859375 0.4416666666666667 0.09270833333333334 0.13148148148148148
0 0.8072916666666666 0.1277777777777778 0.052083333333333336 0.06296296296296297
0 0.8734375 0.11018518518518519 0.06354166666666666 0.061111111111111116
0 0.7630208333333334 0.09166666666666667 0.036458333333333336 0.05
0 0.6244791666666667 0.030555555555555558 0.021875 0.031481481481481485
5 0.2875 0.837962962962963 0.052083333333333336 0.21666666666666667
0 0.24791666666666667 0.2490740740740741 0.052083333333333336 0.07962962962962963
0 0.30625 0.1787037037037037 0.06041666666666667 0.061111111111111116
5 0.3697916666666667 0.20462962962962963 0.01875 0.05
0 0.5453125 0.04259259259259259 0.021875 0.03333333333333333
0 0.5895833333333333 0.03981481481481482 0.025 0.03888888888888889
0 0.80625 0.1 0.04791666666666666 0.040740740740740744
5 0.17135416666666667 0.8990740740740741 0.051041666666666666 0.20555555555555557
0 0.2520833333333333 0.17037037037037037 0.04791666666666666 0.06296296296296297
0 0.7864583333333334 0.053703703703703705 0.027083333333333334 0.04814814814814815
0 0.6802083333333333 0.032407407407407406 0.022916666666666665 0.0462962962962963
0 0.9692708333333333 0.08055555555555556 0.042708333333333334 0.05
4 0.7244791666666667 0.04814814814814815 0.03229166666666666 0.05925925925925926
0 0.9833333333333333 0.1685185185185185 0.03333333333333333 0.07037037037037037
5 0.2890625 0.6796296296296297 0.051041666666666666 0.15555555555555556
0 0.34010416666666665 0.1574074074074074 0.03854166666666667 0.05925925925925926
