0 0.6052083333333333 0.3574074074074074 0.11875 0.0962962962962963
0 0.7520833333333333 0.27222222222222225 0.08333333333333333 0.05925925925925926
0 0.346875 0.25277777777777777 0.0625 0.053703703703703705
0 0.6291666666666667 0.23611111111111113 0.07083333333333333 0.05740740740740741
0 0.259375 0.18796296296296297 0.025 0.03518518518518519
8 0.2125 0.600925925925926 0.06458333333333333 0.1425925925925926
2 0.4395833333333333 0.016666666666666666 0.01875 0.03333333333333333
0 0.9375 0.312962962962963 0.12083333333333333 0.07407407407407407
5 0.21145833333333333 0.5675925925925926 0.052083333333333336 0.08333333333333334
0 0.8312499999999999 0.2916666666666667 0.0875 0.06851851851851852
0 0.47552083333333334 0.2064814814814815 0.04479166666666667 0.03888888888888889
1 0.6817708333333333 0.6675925925925926 0.051041666666666666 0.2388888888888889
