0 0.728125 0.437962962962963 0.0875 0.13518518518518519
4 0.27291666666666664 0.25092592592592594 0.28125 0.1574074074074074
0 0.6098958333333333 0.3509259259259259 0.065625 0.10185185185185186
0 0.17239583333333333 0.4203703703703704 0.08645833333333333 0.11111111111111112
0 0.21510416666666665 0.37592592592592594 0.06770833333333333 0.0962962962962963
0 0.121875 0.47500000000000003 0.09166666666666666 0.12407407407407407
0 0.033854166666666664 0.6092592592592593 0.06770833333333333 0.17407407407407408
0 0.07239583333333333 0.5370370370370371 0.09270833333333334 0.14074074074074075
0 0.5854166666666667 0.20462962962962963 0.03333333333333333 0.053703703703703705
5 0.3494791666666667 0.5694444444444444 0.028125 0.12407407407407407
0 0.8494791666666667 0.24537037037037038 0.04479166666666667 0.06481481481481481
0 0.2359375 0.33796296296296297 0.04895833333333333 0.07592592592592592
0 0.49635416666666665 0.2537037037037037 0.084375 0.0925925925925926
0 0.5526041666666667 0.11666666666666667 0.021875 0.02962962962962963
5 0.027083333333333334 0.9518518518518518 0.05416666666666667 0.0962962962962963
0 0.7786458333333334 0.22685185185185186 0.040625 0.061111111111111116
0 0.5901041666666667 0.12222222222222223 0.021875 0.02962962962962963
0 0.9739583333333334 0.45 0.052083333333333336 0.11481481481481481
0 0.6098958333333333 0.1425925925925926 0.026041666666666668 0.037037037037037035
0 0.5770833333333333 0.1564814814814815 0.022916666666666665 0.04259259259259259
5 0.20625 0.9314814814814815 0.041666666666666664 0.13703703703703704
0 0.7625 0.19166666666666668 0.03333333333333333 0.053703703703703705
5 0.08125 0.9296296296296297 0.029166666666666667 0.14444444444444446
0 0.978125 0.5861111111111111 0.04375 0.16111111111111112
5 0.23697916666666666 0.8416666666666667 0.046875 0.17222222222222222
5 0.3151041666666667 0.6574074074074074 0.03854166666666667 0.1962962962962963
0 0.6921875 0.13425925925925927 0.026041666666666668 0.03518518518518519
0 0.740625 0.17314814814814816 0.03333333333333333 0.0462962962962963
0 0.7739583333333333 0.19907407407407407 0.04791666666666666 0.061111111111111116
0 0.6765625 0.11851851851851852 0.026041666666666668 0.03333333333333333
5 0.27291666666666664 0.788888888888889 0.03333333333333333 0.17407407407407408
5 0.27708333333333335 0.6648148148148149 0.041666666666666664 0.16666666666666669
5 0.3098958333333333 0.55 0.030208333333333334 0.11481481481481481
5 0.17916666666666667 0.9166666666666667 0.041666666666666664 0.16666666666666669
