0 0.17291666666666666 0.24444444444444446 0.10833333333333334 0.07777777777777778
0 0.4296875 0.3851851851851852 0.090625 0.17407407407407408
0 0.3520833333333333 0.32962962962962966 0.07083333333333333 0.11111111111111112
0 0.9583333333333334 0.18703703703703706 0.08541666666666667 0.06666666666666667
0 0.46770833333333334 0.20925925925925926 0.04791666666666666 0.07037037037037037
5 0.9817708333333334 0.3111111111111111 0.03229166666666666 0.08518518518518518
5 0.8171875 0.21666666666666667 0.019791666666666666 0.08148148148148149
4 0.38229166666666664 0.10092592592592593 0.0625 0.09814814814814815
0 0.8807291666666667 0.16666666666666669 0.053125 0.07777777777777778
0 0.428125 0.14074074074074075 0.041666666666666664 0.06666666666666667
0 0.5572916666666666 0.1212962962962963 0.03333333333333333 0.05
0 0.7916666666666666 0.10277777777777779 0.0375 0.04259259259259259
5 0.8395833333333333 0.22222222222222224 0.020833333333333332 0.07407407407407407
0 0.4828125 0.13333333333333333 0.036458333333333336 0.05555555555555556
5 0.9833333333333333 0.4101851851851852 0.03333333333333333 0.1388888888888889
3 0.17291666666666666 0.600925925925926 0.1625 0.32037037037037036
0 0.30052083333333335 0.9351851851851852 0.16145833333333334 0.12962962962962962
5 0.9484374999999999 0.2935185185185185 0.013541666666666667 0.06851851851851852
0 0.04010416666666666 0.18796296296296297 0.040625 0.06481481481481481
0 0.49114583333333334 0.08796296296296297 0.03229166666666666 0.03888888888888889
0 0.8125 0.1212962962962963 0.04375 0.04259259259259259
0 0.6010416666666667 0.05092592592592593 0.020833333333333332 0.03518518518518519
0 0.4609375 0.062037037037037036 0.026041666666666668 0.03518518518518519
0 0.9776041666666666 0.24351851851851852 0.04479166666666667 0.10185185185185186
0 0.5822916666666667 0.053703703703703705 0.025 0.040740740740740744
0 0.578125 0.1 0.03125 0.04814814814814815
0 0.44114583333333335 0.08888888888888889 0.030208333333333334 0.044444444444444446
0 0.8557291666666667 0.14351851851851852 0.036458333333333336 0.05740740740740741
0 0.5463541666666667 0.03981481481481482 0.021875 0.031481481481481485
5 0.004166666666666667 0.24074074074074076 0.008333333333333333 0.08888888888888889
