0 0.6875 0.35370370370370374 0.175 0.14444444444444446
4 0.603125 0.19166666666666668 0.3 0.22777777777777777
0 0.4171875 0.2388888888888889 0.10104166666666667 0.08888888888888889
4 0.3651041666666667 0.1287037037037037 0.184375 0.1462962962962963
0 0.275 0.18425925925925926 0.07291666666666667 0.06481481481481481
0 0.11822916666666666 0.11574074074074074 0.036458333333333336 0.0462962962962963
0 0.0625 0.08981481481481482 0.029166666666666667 0.03518518518518519
0 0.8151041666666666 0.17685185185185187 0.08854166666666667 0.05740740740740741
0 0.01875 0.0925925925925926 0.027083333333333334 0.03333333333333333
0 0.45208333333333334 0.028703703703703703 0.06875 0.03888888888888889
0 0.1375 0.05277777777777778 0.041666666666666664 0.024074074074074074
0 0.19427083333333334 0.061111111111111116 0.042708333333333334 0.037037037037037035
0 0.9098958333333333 0.07777777777777778 0.040625 0.08888888888888889
0 0.8083333333333333 0.08888888888888889 0.04583333333333333 0.05925925925925926
0 0.75625 0.07314814814814816 0.05 0.07222222222222223
0 0.51875 0.037037037037037035 0.04375 0.05925925925925926
