0 0.3567708333333333 0.26851851851851855 0.08645833333333333 0.08888888888888889
0 0.10729166666666666 0.23240740740740742 0.03958333333333333 0.053703703703703705
5 0.6416666666666666 0.22777777777777777 0.022916666666666665 0.08148148148148149
5 0.6755208333333333 0.23240740740740742 0.015625 0.07592592592592592
0 0.17916666666666667 0.1574074074074074 0.03125 0.037037037037037035
0 0.0328125 0.16666666666666669 0.02395833333333333 0.037037037037037035
0 0.0546875 0.19351851851851853 0.03229166666666666 0.0462962962962963
0 0.0421875 0.26666666666666666 0.051041666666666666 0.07037037037037037
0 0.60625 0.1685185185185185 0.04583333333333333 0.05555555555555556
5 0.5401041666666666 0.19074074074074074 0.017708333333333333 0.05185185185185186
5 0.5921875 0.2064814814814815 0.028125 0.07592592592592592
0 0.921875 0.23055555555555557 0.12708333333333333 0.08333333333333334
0 0.4276041666666667 0.13703703703703704 0.051041666666666666 0.040740740740740744
0 0.8994791666666666 0.22037037037037038 0.090625 0.05555555555555556
5 0.5005208333333333 0.18611111111111112 0.015625 0.061111111111111116
0 0.5276041666666667 0.07777777777777778 0.071875 0.037037037037037035
3 0.7552083333333334 0.20462962962962963 0.07291666666666667 0.09074074074074075
0 0.325 0.12314814814814816 0.03958333333333333 0.03888888888888889
5 0.47291666666666665 0.17962962962962964 0.014583333333333334 0.05555555555555556
0 0.8348958333333333 0.1212962962962963 0.057291666666666664 0.05740740740740741
5 0.027083333333333334 0.675 0.04375 0.12037037037037038
0 0.984375 0.125 0.03125 0.07592592592592592
5 0.9739583333333334 0.16481481481481483 0.016666666666666666 0.037037037037037035
0 0.5640625 0.15 0.06770833333333333 0.06666666666666667
0 0.8822916666666667 0.1212962962962963 0.04583333333333333 0.061111111111111116
0 0.5848958333333333 0.07407407407407407 0.040625 0.044444444444444446
0 0.6322916666666667 0.08148148148148149 0.052083333333333336 0.05925925925925926
0 0.6677083333333333 0.08333333333333334 0.03125 0.05185185185185186
0 0.753125 0.11666666666666667 0.04583333333333333 0.037037037037037035
0 0.2328125 0.13703703703703704 0.03229166666666666 0.04814814814814815
0 0.746875 0.20092592592592592 0.00625 0.001851851851851852
3 0.8338541666666667 0.20555555555555557 0.053125 0.08888888888888889
