0 0.8390624999999999 0.5481481481481482 0.12604166666666666 0.17777777777777778
0 0.6588541666666666 0.45833333333333337 0.08645833333333333 0.1425925925925926
0 0.15572916666666667 0.21666666666666667 0.051041666666666666 0.05555555555555556
0 0.6911458333333333 0.27314814814814814 0.06354166666666666 0.10555555555555556
0 0.23802083333333332 0.20277777777777778 0.040625 0.05
5 0.05364583333333333 0.5435185185185185 0.036458333333333336 0.1277777777777778
5 0.1578125 0.2953703703703704 0.019791666666666666 0.07222222222222223
0 0.6604166666666667 0.19814814814814816 0.04791666666666666 0.06666666666666667
0 0.2015625 0.225 0.059375 0.061111111111111116
0 0.26145833333333335 0.18703703703703706 0.03333333333333333 0.044444444444444446
0 0.12239583333333333 0.2898148148148148 0.05520833333333333 0.07592592592592592
0 0.0875 0.32037037037037036 0.075 0.08888888888888889
0 0.4739583333333333 0.08611111111111111 0.020833333333333332 0.031481481481481485
0 0.20520833333333333 0.7962962962962963 0.15625 0.27037037037037037
0 0.2796875 0.1712962962962963 0.03229166666666666 0.04259259259259259
0 0.640625 0.10092592592592593 0.022916666666666665 0.03888888888888889
0 0.29322916666666665 0.15833333333333333 0.030208333333333334 0.03888888888888889
0 0.9697916666666666 0.21574074074074076 0.06041666666666667 0.06851851851851852
0 0.6130208333333333 0.08981481481481482 0.02395833333333333 0.031481481481481485
0 0.8609375 0.19814814814814816 0.057291666666666664 0.05925925925925926
5 0.07708333333333334 0.48888888888888893 0.027083333333333334 0.11481481481481481
0 0.0625 0.3527777777777778 0.03333333333333333 0.07962962962962963
5 0.9598958333333333 0.35185185185185186 0.028125 0.0962962962962963
5 0.19739583333333333 0.3101851851851852 0.015625 0.05740740740740741
0 0.9375 0.19444444444444445 0.06041666666666667 0.05925925925925926
0 0.9489583333333333 0.14907407407407408 0.07708333333333334 0.061111111111111116
0 0.8541666666666666 0.15 0.058333333333333334 0.05185185185185186
0 0.31927083333333334 0.13518518518518519 0.034375 0.03333333333333333
0 0.9901041666666667 0.24444444444444446 0.019791666666666666 0.044444444444444446
