0 0.128125 0.26944444444444443 0.04583333333333333 0.06481481481481481
0 0.24739583333333334 0.21851851851851853 0.05520833333333333 0.05925925925925926
0 0.07552083333333333 0.2212962962962963 0.03854166666666667 0.053703703703703705
5 0.6411458333333333 0.23055555555555557 0.021875 0.08333333333333334
0 0.0390625 0.27037037037037037 0.04895833333333333 0.07037037037037037
0 0.6041666666666666 0.1712962962962963 0.05 0.053703703703703705
5 0.6744791666666666 0.23796296296296296 0.015625 0.07222222222222223
5 0.4973958333333333 0.19074074074074074 0.017708333333333333 0.06296296296296297
5 0.5380208333333333 0.1953703703703704 0.017708333333333333 0.053703703703703705
0 0.04479166666666667 0.19074074074074074 0.029166666666666667 0.044444444444444446
0 0.14322916666666666 0.14722222222222223 0.02395833333333333 0.031481481481481485
0 0.8979166666666667 0.22222222222222224 0.08333333333333333 0.05555555555555556
5 0.02395833333333333 0.6777777777777778 0.0375 0.1
3 0.79375 0.20277777777777778 0.14583333333333334 0.08333333333333334
0 0.053125 0.11018518518518519 0.01875 0.024074074074074074
0 0.5645833333333333 0.1574074074074074 0.06875 0.05185185185185186
0 0.5140625 0.08055555555555556 0.04479166666666667 0.03888888888888889
5 0.590625 0.2111111111111111 0.022916666666666665 0.07407407407407407
4 0.9838541666666667 0.125 0.03229166666666666 0.08703703703703704
0 0.3541666666666667 0.12314814814814816 0.09166666666666666 0.04259259259259259
5 0.9755208333333333 0.1638888888888889 0.017708333333333333 0.03518518518518519
