0 0.4302083333333333 0.21944444444444444 0.12083333333333333 0.09074074074074075
0 0.5703125 0.3962962962962963 0.078125 0.14444444444444446
0 0.5578125 0.1925925925925926 0.051041666666666666 0.08518518518518518
0 0.03697916666666667 0.5333333333333333 0.07395833333333333 0.17777777777777778
0 0.07708333333333334 0.4620370370370371 0.09375 0.1425925925925926
0 0.1265625 0.39722222222222225 0.09270833333333334 0.12407407407407407
0 0.1765625 0.3453703703703704 0.08229166666666667 0.11296296296296297
0 0.2171875 0.29814814814814816 0.06770833333333333 0.0962962962962963
3 0.9088541666666666 0.20185185185185187 0.071875 0.08518518518518518
0 0.6770833333333334 0.25833333333333336 0.07291666666666667 0.1425925925925926
0 0.584375 0.10277777777777779 0.03125 0.05
5 0.08385416666666666 0.8601851851851852 0.042708333333333334 0.19074074074074074
5 0.04895833333333333 0.8722222222222222 0.052083333333333336 0.15555555555555556
0 0.6604166666666667 0.19074074074074074 0.04791666666666666 0.06666666666666667
5 0.15 0.9425925925925926 0.05 0.11481481481481481
0 0.23958333333333334 0.26481481481481484 0.05 0.08148148148148149
6 0.34322916666666664 0.25925925925925924 0.03229166666666666 0.05555555555555556
0 0.3302083333333333 0.17037037037037037 0.041666666666666664 0.05555555555555556
0 0.7348958333333333 0.05555555555555556 0.02395833333333333 0.05555555555555556
0 0.6052083333333333 0.030555555555555558 0.020833333333333332 0.031481481481481485
0 0.35052083333333334 0.15092592592592594 0.042708333333333334 0.053703703703703705
0 0.2552083333333333 0.20833333333333334 0.09791666666666667 0.06851851851851852
0 0.5723958333333333 0.02962962962962963 0.019791666666666666 0.037037037037037035
5 0.18541666666666667 0.9185185185185185 0.058333333333333334 0.16296296296296298
5 0.2171875 0.8685185185185186 0.04479166666666667 0.20740740740740743
5 0.17447916666666666 0.8074074074074075 0.034375 0.13703703703703704
5 0.28020833333333334 0.7157407407407408 0.03333333333333333 0.18703703703703706
5 0.25625 0.7870370370370371 0.016666666666666666 0.20740740740740743
5 0.22916666666666666 0.8157407407407408 0.041666666666666664 0.17962962962962964
5 0.228125 0.7166666666666667 0.027083333333333334 0.11851851851851852
5 0.234375 0.6842592592592592 0.041666666666666664 0.11666666666666667
5 0.278125 0.5435185185185185 0.025 0.07962962962962963
5 0.29270833333333335 0.6398148148148148 0.0375 0.1574074074074074
5 0.32708333333333334 0.5824074074074075 0.03333333333333333 0.1537037037037037
5 0.3067708333333333 0.5342592592592593 0.026041666666666668 0.16481481481481483
