4 0.7776041666666667 0.4175925925925926 0.15520833333333334 0.2425925925925926
0 0.725 0.637962962962963 0.11666666666666667 0.16481481481481483
0 0.3515625 0.42685185185185187 0.06145833333333333 0.09074074074074075
5 0.22760416666666666 0.4712962962962963 0.021875 0.07962962962962963
0 0.4322916666666667 0.2888888888888889 0.029166666666666667 0.04814814814814815
5 0.9666666666666667 0.5685185185185185 0.0375 0.11111111111111112
5 0.2875 0.3824074074074074 0.016666666666666666 0.05
0 0.4614583333333333 0.3092592592592593 0.0375 0.07037037037037037
0 0.28125 0.29814814814814816 0.03958333333333333 0.06296296296296297
0 0.2505208333333333 0.3287037037037037 0.046875 0.061111111111111116
0 0.8291666666666666 0.3425925925925926 0.07291666666666667 0.06666666666666667
0 0.33489583333333334 0.2657407407407408 0.042708333333333334 0.053703703703703705
5 0.2546875 0.4305555555555556 0.015625 0.061111111111111116
0 0.4614583333333333 0.2916666666666667 0.03333333333333333 0.03888888888888889
0 0.2421875 0.3490740740740741 0.036458333333333336 0.04259259259259259
5 0.9489583333333333 0.5370370370370371 0.027083333333333334 0.08148148148148149
5 0.18072916666666666 0.5268518518518519 0.011458333333333333 0.10555555555555556
5 0.033854166666666664 0.6981481481481482 0.030208333333333334 0.12222222222222223
5 0.06145833333333333 0.6472222222222223 0.020833333333333332 0.16111111111111112
5 0.10208333333333333 0.6101851851851852 0.022916666666666665 0.1277777777777778
5 0.12447916666666667 0.5925925925925926 0.019791666666666666 0.14444444444444446
5 0.14375 0.5518518518518519 0.014583333333333334 0.13703703703703704
5 0.159375 0.513888888888889 0.025 0.13148148148148148
5 0.20104166666666667 0.48055555555555557 0.020833333333333332 0.10185185185185186
5 0.8953125 0.4712962962962963 0.011458333333333333 0.10925925925925926
