0 0.04479166666666667 0.5453703703703704 0.08958333333333333 0.18333333333333335
0 0.6588541666666666 0.7064814814814815 0.13020833333333334 0.27222222222222225
0 0.6197916666666666 0.2962962962962963 0.0625 0.1
0 0.6447916666666667 0.1712962962962963 0.03958333333333333 0.061111111111111116
0 0.7802083333333333 0.1787037037037037 0.04791666666666666 0.061111111111111116
0 0.98125 0.16111111111111112 0.0375 0.04814814814814815
0 0.2505208333333333 0.28055555555555556 0.065625 0.09074074074074075
0 0.5286458333333334 0.23425925925925928 0.042708333333333334 0.07592592592592592
5 0.41302083333333334 0.20555555555555557 0.019791666666666666 0.06296296296296297
0 0.16927083333333334 0.3712962962962963 0.096875 0.1277777777777778
0 0.965625 0.11574074074074074 0.041666666666666664 0.04259259259259259
5 0.030729166666666665 0.3907407407407408 0.03229166666666666 0.0962962962962963
6 0.1109375 0.45462962962962966 0.07395833333333333 0.06481481481481481
0 0.2171875 0.3231481481481482 0.06354166666666666 0.09814814814814815
0 0.703125 0.27685185185185185 0.058333333333333334 0.11296296296296297
0 0.3182291666666667 0.2101851851851852 0.04895833333333333 0.06481481481481481
3 0.5802083333333333 0.13333333333333333 0.04583333333333333 0.11111111111111112
5 0.34010416666666665 0.5259259259259259 0.030208333333333334 0.08888888888888889
0 0.28489583333333335 0.24351851851851852 0.057291666666666664 0.07962962962962963
0 0.671875 0.09722222222222222 0.027083333333333334 0.03888888888888889
3 0.7171875 0.09814814814814815 0.03229166666666666 0.05185185185185186
0 0.85 0.11481481481481481 0.035416666666666666 0.040740740740740744
0 0.603125 0.04814814814814815 0.01875 0.02592592592592593
0 0.6088541666666667 0.09537037037037037 0.019791666666666666 0.03888888888888889
0 0.90625 0.11851851851851852 0.03958333333333333 0.04814814814814815
5 0.3302083333333333 0.638888888888889 0.058333333333333334 0.2
0 0.3333333333333333 0.18333333333333335 0.03958333333333333 0.05185185185185186
0 0.5802083333333333 0.05925925925925926 0.025 0.02962962962962963
0 0.6510416666666666 0.053703703703703705 0.020833333333333332 0.02592592592592593
0 0.7041666666666666 0.06018518518518519 0.022916666666666665 0.02777777777777778
5 0.3614583333333333 0.44351851851851853 0.020833333333333332 0.13518518518518519
5 0.37395833333333334 0.49444444444444446 0.020833333333333332 0.16296296296296298
