0 0.6348958333333333 0.6583333333333333 0.12604166666666666 0.2351851851851852
0 0.22604166666666667 0.4240740740740741 0.08958333333333333 0.13333333333333333
0 0.9708333333333333 0.3592592592592593 0.05625 0.11851851851851852
0 0.5963541666666666 0.25462962962962965 0.053125 0.08703703703703704
0 0.7151041666666667 0.11111111111111112 0.03854166666666667 0.04814814814814815
0 0.07916666666666666 0.4675925925925926 0.09375 0.1425925925925926
5 0.059895833333333336 0.912962962962963 0.065625 0.15555555555555556
0 0.17864583333333334 0.3527777777777778 0.084375 0.11296296296296297
0 0.8020833333333334 0.16111111111111112 0.05 0.06296296296296297
0 0.0375 0.5407407407407407 0.075 0.1814814814814815
0 0.7822916666666666 0.11666666666666667 0.0375 0.05185185185185186
0 0.21822916666666667 0.3092592592592593 0.06979166666666667 0.08888888888888889
0 0.5833333333333334 0.11851851851851852 0.03125 0.04814814814814815
5 0.1640625 0.9157407407407407 0.057291666666666664 0.1685185185185185
0 0.12864583333333332 0.40555555555555556 0.09270833333333334 0.12222222222222223
0 0.615625 0.058333333333333334 0.022916666666666665 0.03518518518518519
0 0.7395833333333334 0.08333333333333334 0.029166666666666667 0.040740740740740744
0 0.2421875 0.2712962962962963 0.053125 0.07962962962962963
0 0.7109375 0.06759259259259259 0.026041666666666668 0.031481481481481485
0 0.5661458333333333 0.05462962962962963 0.021875 0.031481481481481485
5 0.29583333333333334 0.587037037037037 0.041666666666666664 0.14074074074074075
0 0.78125 0.08703703703703704 0.03125 0.02962962962962963
5 0.35 0.21481481481481482 0.016666666666666666 0.07037037037037037
5 0.2833333333333333 0.7296296296296296 0.041666666666666664 0.1814814814814815
5 0.20260416666666667 0.9083333333333333 0.04479166666666667 0.18333333333333335
6 0.35 0.22962962962962963 0.0125 0.04814814814814815
0 0.6927083333333334 0.04814814814814815 0.025 0.02962962962962963
0 0.3333333333333333 0.17314814814814816 0.0375 0.0462962962962963
0 0.5703125 0.04351851851851852 0.028125 0.031481481481481485
0 0.37135416666666665 0.13333333333333333 0.036458333333333336 0.040740740740740744
0 0.9640624999999999 0.10555555555555556 0.042708333333333334 0.04814814814814815
0 0.7234375 0.04259259259259259 0.026041666666666668 0.03333333333333333
0 0.353125 0.16018518518518518 0.03958333333333333 0.053703703703703705
0 0.39375 0.10925925925925926 0.0375 0.044444444444444446
5 0.240625 0.712962962962963 0.03125 0.14814814814814814
5 0.19739583333333333 0.7981481481481482 0.03229166666666666 0.13333333333333333
5 0.23072916666666665 0.8638888888888889 0.03854166666666667 0.20925925925925926
