0 0.4453125 0.412962962962963 0.07604166666666666 0.12592592592592594
0 0.2859375 0.24074074074074076 0.09479166666666666 0.05925925925925926
0 0.10729166666666666 0.40185185185185185 0.08541666666666667 0.11851851851851852
0 0.3265625 0.30185185185185187 0.05520833333333333 0.08518518518518518
0 0.9682291666666667 0.2212962962962963 0.06145833333333333 0.06851851851851852
0 0.9354166666666667 0.20092592592592592 0.0625 0.06481481481481481
0 0.9442708333333333 0.1564814814814815 0.078125 0.061111111111111116
0 0.08697916666666666 0.32962962962962966 0.07395833333333333 0.08888888888888889
0 0.12083333333333333 0.2990740740740741 0.06458333333333333 0.07962962962962963
0 0.8557291666666667 0.15555555555555556 0.04895833333333333 0.05185185185185186
5 0.8734375 0.21851851851851853 0.015625 0.05185185185185186
0 0.19895833333333332 0.23240740740740742 0.058333333333333334 0.061111111111111116
0 0.23645833333333333 0.2101851851851852 0.041666666666666664 0.05
0 0.15052083333333333 0.22314814814814815 0.05520833333333333 0.05740740740740741
0 0.9848958333333333 0.14166666666666666 0.030208333333333334 0.05740740740740741
0 0.8354166666666667 0.14351851851851852 0.0375 0.04259259259259259
0 0.9885416666666667 0.24444444444444446 0.022916666666666665 0.06666666666666667
0 0.5838541666666667 0.05648148148148149 0.015625 0.024074074074074074
0 0.2598958333333333 0.19351851851851853 0.036458333333333336 0.0462962962962963
5 0.9562499999999999 0.3574074074074074 0.0375 0.10370370370370371
0 0.6104166666666666 0.058333333333333334 0.016666666666666666 0.024074074074074074
5 0.0484375 0.5462962962962963 0.040625 0.16296296296296298
5 0.0765625 0.48888888888888893 0.036458333333333336 0.12222222222222223
