0 0.8671875 0.5796296296296296 0.13229166666666667 0.17037037037037037
0 0.3697916666666667 0.2212962962962963 0.06666666666666667 0.06851851851851852
0 0.11927083333333333 0.3666666666666667 0.08229166666666667 0.0962962962962963
0 0.20364583333333333 0.22962962962962963 0.057291666666666664 0.05925925925925926
0 0.125 0.2888888888888889 0.052083333333333336 0.06296296296296297
0 0.240625 0.20833333333333334 0.03958333333333333 0.05
5 0.0765625 0.4861111111111111 0.030208333333333334 0.1277777777777778
5 0.0546875 0.5481481481481482 0.036458333333333336 0.12592592592592594
0 0.6536458333333334 0.12222222222222223 0.028125 0.044444444444444446
0 0.5828125 0.10555555555555556 0.02395833333333333 0.03333333333333333
0 0.9703125 0.2212962962962963 0.059375 0.06851851851851852
0 0.15677083333333333 0.22222222222222224 0.04895833333333333 0.05555555555555556
0 0.09010416666666667 0.3212962962962963 0.071875 0.07592592592592592
0 0.6208333333333333 0.26296296296296295 0.05416666666666667 0.10370370370370371
0 0.2625 0.18981481481481483 0.035416666666666666 0.0462962962962963
0 0.9390625 0.19907407407407407 0.06145833333333333 0.061111111111111116
0 0.06458333333333333 0.3592592592592593 0.03333333333333333 0.07777777777777778
0 0.9479166666666666 0.1564814814814815 0.07708333333333334 0.061111111111111116
0 0.496875 0.07962962962962963 0.020833333333333332 0.03333333333333333
0 0.6 0.07037037037037037 0.01875 0.02592592592592593
0 0.8395833333333333 0.1425925925925926 0.0375 0.044444444444444446
0 0.2796875 0.18055555555555555 0.03229166666666666 0.0462962962962963
5 0.9020833333333333 0.24074074074074076 0.016666666666666666 0.05185185185185186
0 0.853125 0.15185185185185185 0.05416666666666667 0.05555555555555556
5 0.09947916666666666 0.4351851851851852 0.028125 0.0962962962962963
0 0.9864583333333333 0.1425925925925926 0.027083333333333334 0.05925925925925926
0 0.5864583333333333 0.06018518518518519 0.014583333333333334 0.020370370370370372
5 0.18385416666666665 0.1851851851851852 0.015625 0.04814814814814815
0 0.3223958333333333 0.13611111111111113 0.040625 0.03888888888888889
0 0.9901041666666667 0.2490740740740741 0.019791666666666666 0.04259259259259259
0 0.2947916666666667 0.17314814814814816 0.035416666666666666 0.053703703703703705
