0 0.184375 0.8537037037037037 0.20208333333333334 0.2925925925925926
0 0.35885416666666664 0.47685185185185186 0.09895833333333333 0.1537037037037037
0 0.4848958333333333 0.5305555555555556 0.09895833333333333 0.18703703703703706
0 0.371875 0.337037037037037 0.075 0.11111111111111112
0 0.7348958333333333 0.7240740740740741 0.146875 0.24444444444444446
0 0.7130208333333333 0.27314814814814814 0.06770833333333333 0.08703703703703704
0 0.7661458333333333 0.39166666666666666 0.10104166666666667 0.1574074074074074
3 0.033854166666666664 0.8101851851851852 0.06770833333333333 0.37592592592592594
0 0.50625 0.23148148148148148 0.04791666666666666 0.07407407407407407
0 0.6151041666666667 0.2675925925925926 0.065625 0.12037037037037038
5 0.19114583333333332 0.23703703703703705 0.017708333333333333 0.07037037037037037
0 0.4473958333333333 0.19351851851851853 0.04479166666666667 0.06851851851851852
0 0.08958333333333333 0.28703703703703703 0.06666666666666667 0.08148148148148149
0 0.12291666666666666 0.25925925925925924 0.05416666666666667 0.07407407407407407
5 0.052083333333333336 0.5101851851851852 0.035416666666666666 0.13148148148148148
0 0.7578125 0.16111111111111112 0.057291666666666664 0.05925925925925926
0 0.96875 0.9268518518518519 0.0625 0.1425925925925926
5 0.2828125 0.2425925925925926 0.02395833333333333 0.07037037037037037
0 0.4203125 0.1564814814814815 0.036458333333333336 0.05740740740740741
0 0.5229166666666667 0.10555555555555556 0.025 0.04814814814814815
0 0.5135416666666667 0.16944444444444445 0.04375 0.07962962962962963
0 0.20208333333333334 0.1925925925925926 0.06041666666666667 0.05555555555555556
5 0.9510416666666667 0.3111111111111111 0.0375 0.11851851851851852
0 0.9723958333333333 0.19166666666666668 0.05520833333333333 0.06481481481481481
0 0.9364583333333333 0.17037037037037037 0.0625 0.06296296296296297
0 0.609375 0.05740740740740741 0.027083333333333334 0.044444444444444446
0 0.8578125 0.125 0.051041666666666666 0.053703703703703705
0 0.44114583333333335 0.11944444444444445 0.030208333333333334 0.04259259259259259
0 0.15364583333333334 0.18703703703703706 0.051041666666666666 0.05925925925925926
5 0.9375 0.21851851851851853 0.025 0.08148148148148149
0 0.46041666666666664 0.0787037037037037 0.022916666666666665 0.03888888888888889
0 0.2375 0.17407407407407408 0.041666666666666664 0.04814814814814815
5 0.075 0.4425925925925926 0.029166666666666667 0.11481481481481481
0 0.6296875 0.09074074074074075 0.026041666666666668 0.05185185185185186
0 0.9901041666666667 0.21944444444444444 0.019791666666666666 0.0462962962962963
0 0.5036458333333333 0.0787037037037037 0.030208333333333334 0.03888888888888889
0 0.2604166666666667 0.1574074074074074 0.035416666666666666 0.044444444444444446
