4 0.36354166666666665 0.22592592592592595 0.08958333333333333 0.18888888888888888
0 0.9098958333333333 0.7157407407407408 0.18229166666666666 0.2240740740740741
0 0.675 0.55 0.1125 0.16296296296296298
5 0.23072916666666665 0.36944444444444446 0.021875 0.07962962962962963
0 0.8604166666666666 0.1425925925925926 0.05416666666666667 0.05185185185185186
0 0.4822916666666667 0.10925925925925926 0.022916666666666665 0.037037037037037035
0 0.425 0.14537037037037037 0.027083333333333334 0.0462962962962963
0 0.0890625 0.31666666666666665 0.07395833333333333 0.08518518518518518
0 0.6416666666666666 0.3731481481481482 0.07291666666666667 0.11666666666666667
0 0.5078125 0.06759259259259259 0.019791666666666666 0.031481481481481485
3 0.34270833333333334 0.4444444444444445 0.09583333333333333 0.20740740740740743
5 0.078125 0.4712962962962963 0.029166666666666667 0.12407407407407407
0 0.6015625 0.08333333333333334 0.030208333333333334 0.04814814814814815
0 0.6151041666666667 0.22314814814814815 0.040625 0.061111111111111116
0 0.9546875 0.14722222222222223 0.084375 0.07592592592592592
0 0.1640625 0.20740740740740743 0.06145833333333333 0.06666666666666667
0 0.12604166666666666 0.2833333333333333 0.058333333333333334 0.07407407407407407
0 0.23541666666666666 0.19814814814814816 0.03958333333333333 0.05185185185185186
4 0.9333333333333333 0.46111111111111114 0.12916666666666665 0.4518518518518519
0 0.9666666666666667 0.2101851851851852 0.06666666666666667 0.07222222222222223
0 0.528125 0.08611111111111111 0.022916666666666665 0.03518518518518519
5 0.057812499999999996 0.5277777777777778 0.03854166666666667 0.13703703703703704
0 0.9453125 0.1925925925925926 0.06979166666666667 0.06666666666666667
0 0.8427083333333333 0.1287037037037037 0.035416666666666666 0.03888888888888889
0 0.2640625 0.1787037037037037 0.03229166666666666 0.05
4 0.784375 0.3740740740740741 0.1875 0.35555555555555557
0 0.22083333333333333 0.2101851851851852 0.035416666666666666 0.053703703703703705
6 0.7770833333333333 0.14351851851851852 0.014583333333333334 0.05740740740740741
