0 0.6484375 0.3824074074074074 0.08020833333333333 0.12407407407407407
0 0.1765625 0.3601851851851852 0.084375 0.11296296296296297
0 0.0359375 0.5462962962962963 0.071875 0.17407407407407408
0 0.12864583333333332 0.4203703703703704 0.08645833333333333 0.13703703703703704
0 0.21770833333333334 0.3138888888888889 0.07083333333333333 0.09814814814814815
0 0.565625 0.12222222222222223 0.03333333333333333 0.044444444444444446
0 0.7838541666666666 0.15092592592592594 0.04479166666666667 0.05740740740740741
0 0.8145833333333333 0.20092592592592592 0.05625 0.08333333333333334
0 0.9458333333333333 0.29074074074074074 0.09583333333333333 0.12592592592592594
0 0.0765625 0.4675925925925926 0.09479166666666666 0.12407407407407407
0 0.7380208333333333 0.10370370370370371 0.034375 0.044444444444444446
0 0.240625 0.2796296296296296 0.052083333333333336 0.08148148148148149
0 0.8864583333333333 0.18611111111111112 0.05416666666666667 0.06851851851851852
0 0.6322916666666667 0.125 0.03125 0.05
0 0.5703125 0.0787037037037037 0.02395833333333333 0.03518518518518519
5 0.049479166666666664 0.9092592592592593 0.06979166666666667 0.1814814814814815
0 0.33229166666666665 0.18796296296296297 0.03958333333333333 0.05740740740740741
0 0.7619791666666667 0.08240740740740742 0.030208333333333334 0.04259259259259259
0 0.9619791666666666 0.14537037037037037 0.05520833333333333 0.05740740740740741
5 0.15729166666666666 0.9222222222222223 0.058333333333333334 0.15555555555555556
0 0.6984375 0.07592592592592592 0.030208333333333334 0.040740740740740744
5 0.2 0.9046296296296297 0.05 0.19444444444444445
0 0.35 0.16944444444444445 0.03958333333333333 0.053703703703703705
0 0.565625 0.03425925925925926 0.016666666666666666 0.02777777777777778
0 0.5828125 0.016666666666666666 0.015625 0.02592592592592593
5 0.29322916666666665 0.5944444444444444 0.040625 0.14444444444444446
0 0.24010416666666667 0.20277777777777778 0.042708333333333334 0.06481481481481481
0 0.7260416666666667 0.06574074074074074 0.022916666666666665 0.03518518518518519
5 0.20989583333333334 0.8074074074074075 0.036458333333333336 0.14444444444444446
5 0.2833333333333333 0.7351851851851852 0.035416666666666666 0.2
5 0.2296875 0.7268518518518519 0.036458333333333336 0.19074074074074074
5 0.10416666666666667 0.5462962962962963 0.025 0.11851851851851852
