0 0.5916666666666667 0.26851851851851855 0.06875 0.12962962962962962
0 0.6864583333333333 0.21481481481481482 0.05625 0.08518518518518518
4 0.5234375 0.10462962962962963 0.06770833333333333 0.18333333333333335
0 0.035416666666666666 0.5222222222222223 0.07083333333333333 0.17777777777777778
0 0.075 0.44907407407407407 0.09375 0.1425925925925926
0 0.17395833333333333 0.32407407407407407 0.0875 0.0925925925925926
0 0.5994791666666667 0.18055555555555555 0.046875 0.05740740740740741
0 0.21614583333333334 0.287962962962963 0.071875 0.10185185185185186
0 0.12395833333333334 0.38703703703703707 0.09166666666666666 0.12592592592592594
5 0.3255208333333333 0.23796296296296296 0.019791666666666666 0.06851851851851852
5 0.1796875 0.3907407407407408 0.026041666666666668 0.11111111111111112
3 0.7520833333333333 0.09444444444444444 0.05625 0.10740740740740741
5 0.14739583333333334 0.9407407407407408 0.04895833333333333 0.11851851851851852
0 0.5864583333333333 0.14074074074074075 0.03958333333333333 0.06666666666666667
5 0.04479166666666667 0.8712962962962963 0.0375 0.10925925925925926
0 0.503125 0.49259259259259264 0.10208333333333333 0.24444444444444446
0 0.2375 0.2490740740740741 0.052083333333333336 0.07222222222222223
0 0.328125 0.1574074074074074 0.03958333333333333 0.05555555555555556
5 0.21041666666666667 0.8601851851851852 0.04583333333333333 0.20555555555555557
6 0.3260416666666667 0.26481481481481484 0.0125 0.05185185185185186
0 0.34739583333333335 0.14166666666666666 0.03854166666666667 0.05
0 0.3052083333333333 0.1787037037037037 0.041666666666666664 0.061111111111111116
5 0.178125 0.8185185185185185 0.027083333333333334 0.07777777777777778
0 0.7088541666666667 0.012962962962962964 0.021875 0.02592592592592593
0 0.3697916666666667 0.10833333333333334 0.03958333333333333 0.0462962962962963
0 0.9552083333333333 0.07314814814814816 0.041666666666666664 0.0462962962962963
0 0.5921875 0.16481481481481483 0.04479166666666667 0.06296296296296297
0 0.23906249999999998 0.17407407407407408 0.036458333333333336 0.06296296296296297
0 0.3598958333333333 0.12037037037037038 0.03854166666666667 0.040740740740740744
5 0.315625 0.5740740740740741 0.04583333333333333 0.1814814814814815
5 0.184375 0.913888888888889 0.05625 0.16481481481481483
