0 0.38177083333333334 0.5074074074074074 0.071875 0.11481481481481481
4 0.6411458333333333 0.25925925925925924 0.053125 0.0925925925925926
5 0.2890625 0.3888888888888889 0.017708333333333333 0.05185185185185186
0 0.47760416666666666 0.27592592592592596 0.028125 0.037037037037037035
0 0.7067708333333333 0.24537037037037038 0.021875 0.020370370370370372
0 0.2817708333333333 0.30648148148148147 0.040625 0.05740740740740741
0 0.25364583333333335 0.32962962962962966 0.04479166666666667 0.05555555555555556
0 0.33489583333333334 0.27314814814814814 0.04479166666666667 0.05
0 0.5770833333333333 0.23703703703703705 0.022916666666666665 0.02962962962962963
0 0.24583333333333332 0.3592592592592593 0.041666666666666664 0.04814814814814815
