0 0.6661458333333333 0.20925925925925926 0.046875 0.06296296296296297
5 0.15 0.35555555555555557 0.027083333333333334 0.06296296296296297
0 0.31197916666666664 0.3592592592592593 0.065625 0.10740740740740741
0 0.12291666666666666 0.29074074074074074 0.05416666666666667 0.07777777777777778
0 0.08697916666666666 0.3212962962962963 0.07395833333333333 0.08703703703703704
0 0.7270833333333333 0.3111111111111111 0.06875 0.0925925925925926
0 0.9697916666666666 0.21574074074074076 0.06041666666666667 0.06851851851851852
0 0.2375 0.20277777777777778 0.041666666666666664 0.05
0 0.26145833333333335 0.18703703703703706 0.035416666666666666 0.044444444444444446
0 0.06145833333333333 0.35555555555555557 0.03333333333333333 0.07777777777777778
0 0.19947916666666665 0.22777777777777777 0.07604166666666666 0.06296296296296297
0 0.15520833333333334 0.21851851851851853 0.04791666666666666 0.05925925925925926
0 0.490625 0.058333333333333334 0.016666666666666666 0.024074074074074074
0 0.9364583333333333 0.19444444444444445 0.06041666666666667 0.06296296296296297
0 0.8583333333333333 0.15 0.052083333333333336 0.05185185185185186
0 0.978125 0.2925925925925926 0.041666666666666664 0.07037037037037037
0 0.9484374999999999 0.14907407407407408 0.078125 0.061111111111111116
5 0.0515625 0.5407407407407407 0.03229166666666666 0.13333333333333333
0 0.2796875 0.1712962962962963 0.034375 0.04259259259259259
0 0.2947916666666667 0.15925925925925927 0.03333333333333333 0.040740740740740744
0 0.8385416666666666 0.1388888888888889 0.03958333333333333 0.04814814814814815
5 0.2296875 0.2351851851851852 0.019791666666666666 0.05925925925925926
0 0.30625 0.15 0.027083333333333334 0.037037037037037035
5 0.07760416666666667 0.4777777777777778 0.03854166666666667 0.12962962962962962
