0 0.8057291666666666 0.6472222222222223 0.140625 0.23148148148148148
0 0.7015625 0.3601851851851852 0.07395833333333333 0.11666666666666667
4 0.8015625 0.09444444444444444 0.07604166666666666 0.13703703703703704
5 0.33958333333333335 0.5074074074074074 0.03333333333333333 0.14074074074074075
0 0.12083333333333333 0.40555555555555556 0.09166666666666666 0.0962962962962963
0 0.5864583333333333 0.2111111111111111 0.04583333333333333 0.07777777777777778
0 0.5203125 0.19814814814814816 0.040625 0.07407407407407407
0 0.033854166666666664 0.55 0.06770833333333333 0.17777777777777778
0 0.1703125 0.36574074074074076 0.084375 0.11296296296296297
0 0.8713541666666667 0.18055555555555555 0.051041666666666666 0.061111111111111116
0 0.07291666666666667 0.47962962962962963 0.09375 0.14074074074074075
0 0.6583333333333333 0.2 0.04375 0.06666666666666667
0 0.21510416666666665 0.3314814814814815 0.07395833333333333 0.11851851851851852
5 0.21666666666666667 0.3990740740740741 0.03125 0.09814814814814815
0 0.7005208333333334 0.9018518518518519 0.184375 0.1962962962962963
0 0.5796875 0.1212962962962963 0.030208333333333334 0.061111111111111116
4 0.7276041666666666 0.05648148148148149 0.040625 0.06851851851851852
0 0.34791666666666665 0.17777777777777778 0.03958333333333333 0.05185185185185186
0 0.5765625 0.075 0.021875 0.031481481481481485
0 0.5927083333333333 0.0462962962962963 0.016666666666666666 0.02592592592592593
0 0.6729166666666666 0.058333333333333334 0.020833333333333332 0.024074074074074074
0 0.23645833333333333 0.2833333333333333 0.052083333333333336 0.07407407407407407
0 0.0359375 0.8064814814814815 0.071875 0.20185185185185187
5 0.33177083333333335 0.24722222222222223 0.02395833333333333 0.07222222222222223
6 0.33229166666666665 0.26851851851851855 0.01875 0.05185185185185186
6 0.1359375 0.5157407407407407 0.036458333333333336 0.08703703703703704
5 0.134375 0.47870370370370374 0.0375 0.10555555555555556
0 0.696875 0.08148148148148149 0.029166666666666667 0.044444444444444446
0 0.32916666666666666 0.1925925925925926 0.03958333333333333 0.05185185185185186
5 0.21197916666666666 0.8925925925925926 0.06354166666666666 0.20740740740740743
6 0.21614583333333334 0.4287037037037037 0.021875 0.061111111111111116
5 0.14427083333333332 0.9611111111111111 0.051041666666666666 0.07777777777777778
0 0.365625 0.1537037037037037 0.04375 0.05925925925925926
5 0.3046875 0.6148148148148148 0.053125 0.17407407407407408
0 0.934375 0.11944444444444445 0.0375 0.03888888888888889
0 0.29635416666666664 0.21481481481481482 0.057291666666666664 0.05925925925925926
