0 0.5854166666666667 0.3768518518518519 0.09583333333333333 0.13518518518518519
0 0.034375 0.5231481481481481 0.06875 0.17592592592592593
0 0.9546875 0.44907407407407407 0.090625 0.1425925925925926
0 0.12343749999999999 0.38981481481481484 0.090625 0.12407407407407407
0 0.171875 0.33611111111111114 0.08541666666666667 0.11296296296296297
0 0.9552083333333333 0.25833333333333336 0.08125 0.09444444444444444
5 0.05520833333333333 0.3425925925925926 0.025 0.08888888888888889
0 0.07291666666666667 0.4518518518518519 0.09166666666666666 0.14444444444444446
4 0.42604166666666665 0.5462962962962963 0.2375 0.6925925925925926
0 0.7708333333333334 0.14074074074074075 0.04583333333333333 0.08888888888888889
0 0.7 0.04537037037037037 0.027083333333333334 0.03518518518518519
0 0.21458333333333332 0.2916666666666667 0.07083333333333333 0.09444444444444444
0 0.6515625 0.022222222222222223 0.021875 0.02592592592592593
5 0.12864583333333332 0.9083333333333333 0.051041666666666666 0.17222222222222222
0 0.2942708333333333 0.18425925925925926 0.06354166666666666 0.061111111111111116
0 0.32916666666666666 0.16481481481481483 0.03958333333333333 0.05925925925925926
0 0.7302083333333333 0.07685185185185185 0.035416666666666666 0.05
0 0.6880208333333333 0.024074074074074074 0.028125 0.03333333333333333
0 0.9927083333333333 0.35462962962962963 0.014583333333333334 0.053703703703703705
0 0.346875 0.14537037037037037 0.03958333333333333 0.05
0 0.36666666666666664 0.11574074074074074 0.03958333333333333 0.04259259259259259
5 0.20572916666666666 0.9490740740740741 0.05520833333333333 0.10185185185185186
5 0.190625 0.8546296296296296 0.05625 0.18703703703703706
0 0.2359375 0.2555555555555556 0.04895833333333333 0.08148148148148149
0 0.3854166666666667 0.09537037037037037 0.035416666666666666 0.04259259259259259
0 0.2375 0.17962962962962964 0.05 0.06666666666666667
5 0.2171875 0.7694444444444445 0.046875 0.16481481481481483
5 0.47239583333333335 0.687962962962963 0.051041666666666666 0.07962962962962963
