0 0.9166666666666666 0.6685185185185185 0.1625 0.23333333333333334
0 0.7572916666666667 0.37962962962962965 0.08541666666666667 0.11481481481481481
0 0.6802083333333333 0.48888888888888893 0.10416666666666667 0.17037037037037037
4 0.7041666666666666 0.22685185185185186 0.10833333333333334 0.19814814814814816
0 0.5161458333333333 0.13333333333333333 0.030208333333333334 0.044444444444444446
0 0.8567708333333334 0.13796296296296298 0.053125 0.053703703703703705
0 0.6166666666666667 0.2425925925925926 0.05 0.07407407407407407
4 0.9171874999999999 0.3925925925925926 0.165625 0.3814814814814815
0 0.38385416666666666 0.1953703703703704 0.046875 0.06481481481481481
0 0.4630208333333333 0.1574074074074074 0.030208333333333334 0.05555555555555556
0 0.1265625 0.27870370370370373 0.059375 0.07592592592592592
0 0.0875 0.31574074074074077 0.07291666666666667 0.09074074074074075
0 0.20625 0.2101851851851852 0.05625 0.053703703703703705
0 0.1609375 0.2064814814814815 0.053125 0.06481481481481481
0 0.9526041666666667 0.14074074074074075 0.08020833333333333 0.07407407407407407
0 0.5953125 0.05740740740740741 0.021875 0.037037037037037035
0 0.9562499999999999 0.19074074074074074 0.0875 0.07407407407407407
5 0.052083333333333336 0.4861111111111111 0.027083333333333334 0.07222222222222223
0 0.28229166666666666 0.16018518518518518 0.03333333333333333 0.0462962962962963
5 0.07708333333333334 0.43703703703703706 0.025 0.07407407407407407
0 0.23645833333333333 0.1953703703703704 0.041666666666666664 0.05740740740740741
0 0.9859375 0.12314814814814816 0.026041666666666668 0.05
0 0.7651041666666667 0.8768518518518519 0.190625 0.24629629629629632
0 0.49895833333333334 0.08518518518518518 0.03333333333333333 0.02962962962962963
0 0.6125 0.12222222222222223 0.027083333333333334 0.040740740740740744
4 0.159375 0.6657407407407407 0.31875 0.6685185185185185
