4 0.49374999999999997 0.08703703703703704 0.13125 0.14444444444444446
0 0.5145833333333333 0.41111111111111115 0.09791666666666667 0.15555555555555556
0 0.6447916666666667 0.1925925925925926 0.052083333333333336 0.0925925925925926
0 0.1390625 0.3351851851851852 0.08854166666666667 0.10740740740740741
0 0.6541666666666667 0.11388888888888889 0.041666666666666664 0.06481481481481481
0 0.084375 0.37777777777777777 0.08125 0.0925925925925926
0 0.4765625 0.2 0.059375 0.08148148148148149
0 0.7604166666666666 0.04814814814814815 0.035416666666666666 0.04814814814814815
0 0.45468749999999997 0.17407407407407408 0.071875 0.06666666666666667
5 0.30364583333333334 0.3907407407407408 0.026041666666666668 0.11111111111111112
0 0.5885416666666666 0.1425925925925926 0.04375 0.07777777777777778
5 0.2375 0.5 0.035416666666666666 0.15185185185185185
3 0.4359375 0.6537037037037037 0.18229166666666666 0.4222222222222222
0 0.9833333333333333 0.4101851851851852 0.03333333333333333 0.1277777777777778
0 0.6994791666666667 0.016666666666666666 0.028125 0.03333333333333333
5 0.259375 0.3944444444444445 0.027083333333333334 0.10740740740740741
0 0.3375 0.14537037037037037 0.06041666666666667 0.061111111111111116
0 0.26927083333333335 0.2101851851851852 0.051041666666666666 0.07222222222222223
0 0.7255208333333333 0.011111111111111112 0.02395833333333333 0.022222222222222223
0 0.8026041666666667 0.02592592592592593 0.030208333333333334 0.040740740740740744
0 0.033854166666666664 0.4398148148148148 0.06770833333333333 0.11296296296296297
0 0.3890625 0.10370370370370371 0.034375 0.044444444444444446
5 0.027083333333333334 0.8268518518518518 0.05416666666666667 0.2240740740740741
5 0.059375 0.7685185185185186 0.04791666666666666 0.21481481481481482
0 0.3697916666666667 0.12222222222222223 0.03958333333333333 0.05185185185185186
5 0.09010416666666667 0.7342592592592593 0.051041666666666666 0.19074074074074074
0 0.1796875 0.287962962962963 0.040625 0.09814814814814815
0 0.7770833333333333 0.01388888888888889 0.027083333333333334 0.02777777777777778
0 0.2552083333333333 0.23240740740740742 0.03958333333333333 0.06851851851851852
0 0.4036458333333333 0.08703703703703704 0.036458333333333336 0.040740740740740744
0 0.9833333333333333 0.032407407407407406 0.03333333333333333 0.05740740740740741
0 0.9234375 0.014814814814814815 0.030208333333333334 0.02962962962962963
5 0.1984375 0.5092592592592593 0.030208333333333334 0.14444444444444446
5 0.16197916666666667 0.6212962962962963 0.03854166666666667 0.1685185185185185
5 0.12604166666666666 0.6824074074074075 0.03333333333333333 0.19444444444444445
