0 0.07916666666666666 0.4712962962962963 0.09375 0.1388888888888889
0 0.9578125 0.29444444444444445 0.084375 0.0925925925925926
0 0.8276041666666667 0.5833333333333334 0.12395833333333334 0.20740740740740743
0 0.5541666666666667 0.17222222222222222 0.04583333333333333 0.06296296296296297
0 0.6302083333333334 0.8592592592592593 0.16458333333333333 0.2814814814814815
0 0.88125 0.21481481481481482 0.0625 0.07777777777777778
0 0.0375 0.5407407407407407 0.075 0.17407407407407408
0 0.9651041666666667 0.46851851851851856 0.06979166666666667 0.20370370370370372
0 0.7973958333333333 0.23240740740740742 0.06354166666666666 0.09074074074074075
0 0.17916666666666667 0.3564814814814815 0.0875 0.11296296296296297
0 0.5817708333333333 0.1398148148148148 0.036458333333333336 0.053703703703703705
0 0.7895833333333333 0.1537037037037037 0.04791666666666666 0.07037037037037037
0 0.128125 0.40740740740740744 0.09166666666666666 0.12222222222222223
0 0.5916666666666667 0.05277777777777778 0.022916666666666665 0.031481481481481485
0 0.6145833333333334 0.0787037037037037 0.025 0.03888888888888889
0 0.565625 0.07592592592592592 0.022916666666666665 0.037037037037037035
0 0.21927083333333333 0.3101851851851852 0.071875 0.08703703703703704
0 0.7651041666666667 0.12314814814814816 0.036458333333333336 0.0462962962962963
6 0.21666666666666667 0.41481481481481486 0.025 0.07777777777777778
0 0.353125 0.16574074074074074 0.041666666666666664 0.053703703703703705
0 0.30104166666666665 0.20277777777777778 0.0625 0.061111111111111116
0 0.2421875 0.275 0.053125 0.07962962962962963
0 0.3338541666666667 0.1814814814814815 0.03854166666666667 0.05555555555555556
5 0.2015625 0.9092592592592593 0.046875 0.1814814814814815
0 0.7338541666666667 0.07037037037037037 0.03229166666666666 0.05555555555555556
5 0.16875 0.913888888888889 0.04583333333333333 0.17222222222222222
0 0.709375 0.06851851851851852 0.027083333333333334 0.040740740740740744
0 0.7848958333333333 0.09351851851851853 0.036458333333333336 0.05
0 0.371875 0.13333333333333333 0.035416666666666666 0.037037037037037035
0 0.38645833333333335 0.12314814814814816 0.035416666666666666 0.04259259259259259
5 0.3109375 0.5703703703703704 0.02395833333333333 0.1814814814814815
5 0.278125 0.7231481481481482 0.025 0.20185185185185187
5 0.22864583333333333 0.7194444444444444 0.030208333333333334 0.1574074074074074
5 0.2833333333333333 0.5824074074074075 0.03333333333333333 0.15
