0 0.3875 0.3666666666666667 0.09791666666666667 0.08518518518518518
0 0.9416666666666667 0.6601851851851852 0.11666666666666667 0.17222222222222222
0 0.10208333333333333 0.2425925925925926 0.041666666666666664 0.04814814814814815
0 0.771875 0.45925925925925926 0.15 0.12222222222222223
0 0.68125 0.8203703703703704 0.2708333333333333 0.21851851851851853
0 0.9552083333333333 0.5 0.08958333333333333 0.08148148148148149
0 0.7307291666666667 0.2935185185185185 0.09270833333333334 0.05740740740740741
0 0.18541666666666667 0.2925925925925926 0.0375 0.05925925925925926
0 0.2989583333333333 0.22685185185185186 0.04791666666666666 0.03888888888888889
0 0.809375 0.31203703703703706 0.08541666666666667 0.06851851851851852
0 0.3776041666666667 0.27870370370370373 0.06145833333333333 0.04259259259259259
0 0.0515625 0.21574074074074076 0.021875 0.03518518518518519
0 0.9151041666666666 0.3351851851851852 0.090625 0.07037037037037037
3 0.6041666666666666 0.2564814814814815 0.06875 0.05740740740740741
0 0.221875 0.2111111111111111 0.035416666666666666 0.02962962962962963
1 0.6572916666666666 0.7574074074074074 0.03958333333333333 0.10740740740740741
0 0.128125 0.19074074074074074 0.027083333333333334 0.02962962962962963
0 0.4557291666666667 0.22685185185185186 0.053125 0.03888888888888889
0 0.0953125 0.17962962962962964 0.026041666666666668 0.02962962962962963
2 0.4119791666666667 0.04351851851851852 0.015625 0.031481481481481485
1 0.6619791666666667 0.6287037037037038 0.040625 0.11666666666666667
