4 0.8265625 0.24814814814814815 0.14479166666666665 0.2111111111111111
0 0.79375 0.4314814814814815 0.1 0.14074074074074075
0 0.4796875 0.37592592592592594 0.07604166666666666 0.12222222222222223
0 0.3692708333333333 0.37222222222222223 0.07604166666666666 0.12222222222222223
4 0.6520833333333333 0.1425925925925926 0.07083333333333333 0.15185185185185185
0 0.090625 0.30648148148148147 0.07291666666666667 0.08703703703703704
0 0.9005208333333333 0.6481481481481481 0.17604166666666665 0.24444444444444446
0 0.7041666666666666 0.27685185185185185 0.0625 0.09074074074074075
0 0.6161458333333333 0.2657407407407408 0.059375 0.09814814814814815
0 0.5057291666666667 0.22962962962962963 0.046875 0.07407407407407407
5 0.07864583333333333 0.46296296296296297 0.028125 0.12592592592592594
5 0.05625 0.5231481481481481 0.03958333333333333 0.1388888888888889
0 0.5229166666666667 0.15925925925925927 0.03333333333333333 0.05555555555555556
0 0.20364583333333333 0.2111111111111111 0.059375 0.06296296296296297
0 0.1265625 0.275 0.05520833333333333 0.07592592592592592
0 0.6046875 0.20370370370370372 0.046875 0.07037037037037037
0 0.9713541666666666 0.20555555555555557 0.057291666666666664 0.06666666666666667
0 0.33125 0.23240740740740742 0.05416666666666667 0.06851851851851852
0 0.06510416666666667 0.33981481481481485 0.034375 0.07962962962962963
0 0.734375 0.1962962962962963 0.04375 0.07037037037037037
0 0.48541666666666666 0.1425925925925926 0.0375 0.05555555555555556
0 0.9401041666666666 0.18425925925925926 0.06354166666666666 0.061111111111111116
0 0.5255208333333333 0.07685185185185185 0.021875 0.031481481481481485
3 0.4557291666666667 0.11666666666666667 0.036458333333333336 0.07777777777777778
0 0.1578125 0.20185185185185187 0.051041666666666666 0.05555555555555556
0 0.4947916666666667 0.09537037037037037 0.025 0.03518518518518519
0 0.240625 0.18981481481481483 0.041666666666666664 0.05
0 0.040625 0.33333333333333337 0.08125 0.1
0 0.9515625 0.1398148148148148 0.078125 0.06481481481481481
0 0.5916666666666667 0.032407407407407406 0.016666666666666666 0.02777777777777778
0 0.5359375 0.05277777777777778 0.017708333333333333 0.024074074074074074
5 0.23541666666666666 0.35185185185185186 0.022916666666666665 0.1
