0 0.3494791666666667 0.6074074074074074 0.09895833333333333 0.15925925925925927
0 0.421875 0.3231481481481482 0.0375 0.05
0 0.45208333333333334 0.35370370370370374 0.0375 0.05925925925925926
0 0.8984375 0.3944444444444445 0.046875 0.06296296296296297
5 0.9088541666666666 0.5157407407407407 0.026041666666666668 0.09444444444444444
5 0.2875 0.39722222222222225 0.014583333333333334 0.053703703703703705
5 0.03697916666666667 0.7157407407407408 0.03229166666666666 0.13148148148148148
0 0.2833333333333333 0.31851851851851853 0.035416666666666666 0.05185185185185186
0 0.47291666666666665 0.3148148148148148 0.035416666666666666 0.04814814814814815
0 0.33697916666666666 0.2814814814814815 0.042708333333333334 0.05185185185185186
0 0.6880208333333333 0.2962962962962963 0.030208333333333334 0.037037037037037035
0 0.2505208333333333 0.36574074074074076 0.04895833333333333 0.05
0 0.47552083333333334 0.2833333333333333 0.03229166666666666 0.040740740740740744
0 0.978125 0.3027777777777778 0.04375 0.02777777777777778
0 0.5192708333333333 0.26666666666666666 0.026041666666666668 0.03333333333333333
0 0.2546875 0.33611111111111114 0.046875 0.053703703703703705
