4 0.48854166666666665 0.1388888888888889 0.12916666666666665 0.15925925925925927
0 0.2953125 0.8120370370370371 0.18229166666666666 0.29814814814814816
0 0.5411458333333333 0.27222222222222225 0.065625 0.1
0 0.6421875 0.4185185185185185 0.084375 0.15555555555555556
0 0.4817708333333333 0.43703703703703706 0.090625 0.15185185185185185
5 0.2947916666666667 0.42592592592592593 0.03333333333333333 0.11481481481481481
0 0.5598958333333334 0.18796296296296297 0.04895833333333333 0.06851851851851852
5 0.1953125 0.5620370370370371 0.036458333333333336 0.1574074074074074
0 0.13020833333333334 0.37777777777777777 0.07916666666666666 0.11481481481481481
0 0.59375 0.1425925925925926 0.035416666666666666 0.05555555555555556
5 0.17916666666666667 0.3564814814814815 0.022916666666666665 0.06851851851851852
0 0.6432291666666666 0.09537037037037037 0.034375 0.05740740740740741
5 0.2296875 0.5546296296296297 0.036458333333333336 0.12407407407407407
5 0.2552083333333333 0.43333333333333335 0.029166666666666667 0.12222222222222223
0 0.2640625 0.25092592592592594 0.051041666666666666 0.06851851851851852
0 0.078125 0.4185185185185185 0.08125 0.0925925925925926
0 0.5890625 0.09907407407407408 0.03229166666666666 0.04259259259259259
5 0.0203125 0.8657407407407408 0.040625 0.2425925925925926
5 0.08541666666666667 0.775 0.05416666666666667 0.17592592592592593
0 0.6057291666666667 0.06944444444444445 0.028125 0.03888888888888889
0 0.9822916666666667 0.08425925925925926 0.035416666666666666 0.05
0 0.3328125 0.18611111111111112 0.057291666666666664 0.061111111111111116
5 0.24322916666666666 0.5111111111111112 0.034375 0.11111111111111112
0 0.5802083333333333 0.030555555555555558 0.016666666666666666 0.031481481481481485
0 0.24947916666666667 0.2814814814814815 0.040625 0.08148148148148149
5 0.31197916666666664 0.2564814814814815 0.019791666666666666 0.07222222222222223
0 0.6442708333333333 0.05555555555555556 0.02395833333333333 0.018518518518518517
0 0.9703125 0.07037037037037037 0.036458333333333336 0.040740740740740744
0 0.5609375 0.08240740740740742 0.028125 0.04259259259259259
6 0.3151041666666667 0.2833333333333333 0.015625 0.037037037037037035
0 0.60625 0.02962962962962963 0.020833333333333332 0.018518518518518517
5 0.043229166666666666 0.8175925925925926 0.04895833333333333 0.20925925925925926
0 0.41302083333333334 0.16481481481481483 0.028125 0.03333333333333333
5 0.35572916666666665 0.20925925925925926 0.015625 0.04814814814814815
5 0.11041666666666666 0.6148148148148148 0.03958333333333333 0.0925925925925926
0 0.3671875 0.16574074074074074 0.046875 0.053703703703703705
