0 0.2604166666666667 0.24814814814814815 0.07291666666666667 0.08888888888888889
0 0.9651041666666667 0.5851851851851853 0.06979166666666667 0.13333333333333333
0 0.2604166666666667 0.11203703703703705 0.0375 0.04259259259259259
5 0.7020833333333333 0.24537037037037038 0.022916666666666665 0.07962962962962963
0 0.2916666666666667 0.15833333333333333 0.04791666666666666 0.05740740740740741
5 0.7286458333333333 0.24629629629629632 0.019791666666666666 0.08518518518518518
0 0.1015625 0.10833333333333334 0.034375 0.0462962962962963
0 0.9625 0.2851851851851852 0.075 0.044444444444444446
0 0.175 0.020370370370370372 0.05 0.037037037037037035
0 0.8083333333333333 0.15 0.04583333333333333 0.037037037037037035
0 0.03333333333333333 0.03888888888888889 0.025 0.02592592592592593
0 0.1046875 0.015740740740740743 0.017708333333333333 0.031481481481481485
0 0.7890625 0.2212962962962963 0.071875 0.07962962962962963
5 0.6317708333333333 0.21296296296296297 0.017708333333333333 0.07407407407407407
0 0.8375 0.15925925925925927 0.1 0.04814814814814815
0 0.5953125 0.07222222222222223 0.057291666666666664 0.040740740740740744
0 0.20520833333333333 0.10092592592592593 0.027083333333333334 0.02777777777777778
