0 0.5208333333333334 0.5648148148148149 0.09375 0.17407407407407408
0 0.6083333333333333 0.46481481481481485 0.12083333333333333 0.12592592592592594
0 0.4302083333333333 0.3055555555555556 0.06458333333333333 0.06296296296296297
0 0.9260416666666667 0.29814814814814816 0.09791666666666667 0.06296296296296297
0 0.3494791666666667 0.2962962962962963 0.04479166666666667 0.05555555555555556
0 0.0828125 0.4101851851851852 0.08229166666666667 0.11296296296296297
0 0.3828125 0.5342592592592593 0.10729166666666666 0.1277777777777778
0 0.3875 0.20740740740740743 0.03125 0.040740740740740744
0 0.984375 0.3101851851851852 0.03125 0.061111111111111116
0 0.12760416666666666 0.3194444444444445 0.03229166666666666 0.05740740740740741
0 0.13177083333333334 0.25092592592592594 0.030208333333333334 0.0462962962962963
