0 0.6005208333333333 0.20555555555555557 0.06354166666666666 0.1
0 0.45468749999999997 0.07037037037037037 0.06770833333333333 0.040740740740740744
4 0.43697916666666664 0.3453703703703704 0.18854166666666666 0.5166666666666667
0 0.8875 0.22870370370370371 0.09375 0.10185185185185186
0 0.14270833333333333 0.31574074074074077 0.09791666666666667 0.13148148148148148
0 0.19270833333333334 0.2601851851851852 0.06458333333333333 0.10185185185185186
0 0.225 0.21574074074074076 0.06041666666666667 0.09074074074074075
0 0.033854166666666664 0.46574074074074073 0.06770833333333333 0.1277777777777778
6 0.09166666666666666 0.39814814814814814 0.07083333333333333 0.06666666666666667
0 0.5104166666666666 0.020370370370370372 0.025 0.040740740740740744
0 0.9671875 0.06759259259259259 0.05520833333333333 0.053703703703703705
0 0.8541666666666666 0.6342592592592593 0.16666666666666666 0.30185185185185187
0 0.9848958333333333 0.08425925925925926 0.030208333333333334 0.053703703703703705
0 0.2609375 0.17407407407407408 0.057291666666666664 0.07407407407407407
0 0.9833333333333333 0.022222222222222223 0.03333333333333333 0.044444444444444446
0 0.94375 0.024074074074074074 0.04791666666666666 0.044444444444444446
5 0.896875 0.1 0.01875 0.06666666666666667
0 0.2890625 0.1425925925925926 0.04479166666666667 0.06666666666666667
0 0.8697916666666666 0.025 0.06458333333333333 0.05
0 0.31927083333333334 0.17407407407407408 0.030208333333333334 0.0962962962962963
6 0.011458333333333333 0.31666666666666665 0.022916666666666665 0.06296296296296297
0 0.7088541666666667 0.8416666666666667 0.17604166666666665 0.32037037037037036
5 0.48072916666666665 0.45833333333333337 0.03854166666666667 0.061111111111111116
0 0.32447916666666665 0.07962962962962963 0.04895833333333333 0.044444444444444446
5 0.3203125 0.5824074074074075 0.036458333333333336 0.18333333333333335
