4 0.49374999999999997 0.0787037037037037 0.13125 0.15
0 0.47291666666666665 0.19074074074074074 0.05625 0.08148148148148149
0 0.3380208333333333 0.13518518518518519 0.05520833333333333 0.05925925925925926
5 0.23958333333333334 0.49074074074074076 0.0375 0.14814814814814814
0 0.7677083333333333 0.1527777777777778 0.06041666666666667 0.10925925925925926
0 0.13958333333333334 0.325 0.0875 0.10555555555555556
5 0.30364583333333334 0.3814814814814815 0.028125 0.11111111111111112
0 0.3703125 0.11203703703703705 0.040625 0.05
0 0.42604166666666665 0.7611111111111112 0.16041666666666665 0.3074074074074074
5 0.057291666666666664 0.7712962962962964 0.05625 0.19444444444444445
0 0.2682291666666667 0.2 0.04895833333333333 0.06666666666666667
0 0.3885416666666667 0.09537037037037037 0.03333333333333333 0.0462962962962963
0 0.7520833333333333 0.028703703703703703 0.03125 0.0462962962962963
0 0.0828125 0.36944444444444446 0.08020833333333333 0.09444444444444444
5 0.027604166666666666 0.8222222222222223 0.053125 0.21481481481481482
5 0.259375 0.3787037037037037 0.027083333333333334 0.10185185185185186
0 0.7427083333333333 0.010185185185185186 0.027083333333333334 0.020370370370370372
0 0.25416666666666665 0.22870370370370371 0.03958333333333333 0.08703703703703704
0 0.40260416666666665 0.0787037037037037 0.034375 0.03888888888888889
0 0.033854166666666664 0.4324074074074074 0.06770833333333333 0.10925925925925926
5 0.08802083333333333 0.7268518518518519 0.053125 0.18333333333333335
5 0.19322916666666667 0.513888888888889 0.036458333333333336 0.1537037037037037
5 0.253125 0.41203703703703703 0.035416666666666666 0.09814814814814815
5 0.1640625 0.6037037037037037 0.034375 0.15185185185185185
5 0.15572916666666667 0.6398148148148148 0.028125 0.1685185185185185
5 0.121875 0.6685185185185185 0.0375 0.1925925925925926
