0 0.6453125 0.7333333333333334 0.19895833333333332 0.2518518518518519
0 0.08229166666666667 0.41574074074074074 0.08125 0.13148148148148148
0 0.15729166666666666 0.2851851851851852 0.05625 0.0925925925925926
0 0.21197916666666666 0.22222222222222224 0.06145833333333333 0.08518518518518518
0 0.14739583333333334 0.16296296296296298 0.04479166666666667 0.05925925925925926
0 0.5625 0.13240740740740742 0.05625 0.053703703703703705
0 0.4927083333333333 0.13333333333333333 0.05416666666666667 0.04814814814814815
0 0.020833333333333332 0.15462962962962964 0.03125 0.053703703703703705
0 0.9380208333333333 0.4203703703703704 0.12395833333333334 0.1
0 0.3848958333333333 0.09814814814814815 0.042708333333333334 0.044444444444444446
0 0.5125 0.21666666666666667 0.06666666666666667 0.04814814814814815
0 0.6 0.1787037037037037 0.06875 0.061111111111111116
0 0.4739583333333333 0.16111111111111112 0.058333333333333334 0.05555555555555556
0 0.646875 0.48333333333333334 0.13541666666666666 0.2111111111111111
0 0.4739583333333333 0.10277777777777779 0.041666666666666664 0.04259259259259259
0 0.3307291666666667 0.1 0.03854166666666667 0.040740740740740744
0 0.05364583333333333 0.11666666666666667 0.030208333333333334 0.04814814814814815
3 0.0765625 0.06851851851851852 0.034375 0.05925925925925926
0 0.20416666666666666 0.14166666666666666 0.03958333333333333 0.05
0 0.13854166666666667 0.0962962962962963 0.035416666666666666 0.05185185185185186
0 0.37447916666666664 0.14074074074074075 0.051041666666666666 0.040740740740740744
0 0.9697916666666666 0.4518518518518519 0.06041666666666667 0.06666666666666667
0 0.31666666666666665 0.07407407407407407 0.03333333333333333 0.03333333333333333
0 0.21197916666666666 0.03333333333333333 0.019791666666666666 0.04814814814814815
0 0.23020833333333332 0.07777777777777778 0.016666666666666666 0.037037037037037035
0 0.2598958333333333 0.07037037037037037 0.026041666666666668 0.05555555555555556
0 0.29375 0.10740740740740741 0.03333333333333333 0.040740740740740744
