0 0.8026041666666667 0.37592592592592594 0.128125 0.08518518518518518
0 0.2171875 0.2814814814814815 0.06145833333333333 0.07037037037037037
0 0.74375 0.27685185185185185 0.09166666666666666 0.05740740740740741
0 0.23854166666666665 0.20277777777777778 0.03958333333333333 0.03888888888888889
0 0.384375 0.23796296296296296 0.05625 0.0462962962962963
0 0.5145833333333333 0.33055555555555555 0.10416666666666667 0.06851851851851852
0 0.9359375 0.325 0.10104166666666667 0.06481481481481481
0 0.825 0.29444444444444445 0.08541666666666667 0.06666666666666667
0 0.4671875 0.2101851851851852 0.051041666666666666 0.03888888888888889
0 0.6182291666666666 0.23981481481481481 0.06770833333333333 0.05740740740740741
0 0.09739583333333333 0.1638888888888889 0.021875 0.024074074074074074
2 0.42291666666666666 0.030555555555555558 0.022916666666666665 0.05740740740740741
1 0.6744791666666666 0.6138888888888889 0.046875 0.12037037037037038
1 0.6713541666666667 0.7462962962962963 0.053125 0.13333333333333333
