0 0.7927083333333333 0.3712962962962963 0.12708333333333333 0.08333333333333334
0 0.5109375 0.3277777777777778 0.09895833333333333 0.07037037037037037
0 0.221875 0.2833333333333333 0.06458333333333333 0.07037037037037037
0 0.3828125 0.23703703703703705 0.051041666666666666 0.044444444444444446
0 0.23802083333333332 0.20277777777777778 0.040625 0.03888888888888889
0 0.7380208333333333 0.27592592592592596 0.07395833333333333 0.05925925925925926
0 0.9401041666666666 0.3212962962962963 0.10520833333333333 0.07222222222222223
0 0.09791666666666667 0.16296296296296298 0.022916666666666665 0.02592592592592593
0 0.825 0.29444444444444445 0.08958333333333333 0.06666666666666667
0 0.46822916666666664 0.2101851851851852 0.04895833333333333 0.03888888888888889
2 0.4270833333333333 0.018518518518518517 0.016666666666666666 0.02592592592592593
1 0.6755208333333333 0.6046296296296296 0.036458333333333336 0.11296296296296297
1 0.675 0.7490740740740741 0.04583333333333333 0.12037037037037038
