0 0.3651041666666667 0.23055555555555557 0.053125 0.0462962962962963
0 0.7463541666666667 0.2675925925925926 0.09270833333333334 0.05740740740740741
5 0.2817708333333333 0.8074074074074075 0.065625 0.15185185185185185
0 0.2296875 0.3194444444444445 0.065625 0.07962962962962963
0 0.8244791666666667 0.287962962962963 0.08854166666666667 0.06851851851851852
0 0.9317708333333333 0.31666666666666665 0.08645833333333333 0.06296296296296297
0 0.6197916666666666 0.23240740740740742 0.06666666666666667 0.05740740740740741
2 0.4265625 0.01388888888888889 0.015625 0.024074074074074074
5 0.0046875 0.3685185185185185 0.009375 0.07407407407407407
5 0.9765625 0.31851851851851853 0.026041666666666668 0.07407407407407407
0 0.46979166666666666 0.20277777777777778 0.05 0.03888888888888889
1 0.6817708333333333 0.6111111111111112 0.051041666666666666 0.11851851851851852
1 0.6755208333333333 0.7342592592592593 0.06354166666666666 0.10925925925925926
