3 0.20989583333333334 0.5351851851851852 0.13854166666666667 0.2814814814814815
0 0.9572916666666667 0.18888888888888888 0.07916666666666666 0.06296296296296297
0 0.47031249999999997 0.19907407407407407 0.046875 0.06481481481481481
0 0.4354166666666667 0.3592592592592593 0.07708333333333334 0.15555555555555556
0 0.8838541666666666 0.1685185185185185 0.053125 0.07407407407407407
4 0.3859375 0.09537037037037037 0.05520833333333333 0.09444444444444444
0 0.3645833333333333 0.312962962962963 0.06458333333333333 0.0962962962962963
5 0.9822916666666667 0.31851851851851853 0.027083333333333334 0.10370370370370371
0 0.48593749999999997 0.12685185185185185 0.030208333333333334 0.053703703703703705
0 0.434375 0.12962962962962962 0.0375 0.06296296296296297
0 0.559375 0.12592592592592594 0.03125 0.05185185185185186
5 0.9854166666666666 0.4166666666666667 0.029166666666666667 0.15185185185185185
0 0.4421875 0.05 0.021875 0.022222222222222223
0 0.5916666666666667 0.053703703703703705 0.0375 0.02962962962962963
0 0.17395833333333333 0.24814814814814815 0.10416666666666667 0.0925925925925926
0 0.5828125 0.11111111111111112 0.03229166666666666 0.06296296296296297
0 0.44635416666666666 0.08796296296296297 0.028125 0.03888888888888889
0 0.4942708333333333 0.08611111111111111 0.028125 0.03888888888888889
0 0.465625 0.0638888888888889 0.020833333333333332 0.03518518518518519
0 0.496875 0.05555555555555556 0.022916666666666665 0.03333333333333333
0 0.4708333333333333 0.044444444444444446 0.01875 0.02962962962962963
0 0.5489583333333333 0.04351851851851852 0.01875 0.03518518518518519
0 0.5755208333333334 0.03425925925925926 0.017708333333333333 0.03518518518518519
0 0.6015625 0.02314814814814815 0.017708333333333333 0.03888888888888889
0 0.5026041666666666 0.031481481481481485 0.019791666666666666 0.02962962962962963
0 0.45625 0.031481481481481485 0.01875 0.02962962962962963
0 0.8567708333333334 0.13796296296296298 0.040625 0.05
0 0.8223958333333333 0.12222222222222223 0.034375 0.040740740740740744
0 0.7927083333333333 0.10092592592592593 0.03125 0.03888888888888889
5 0.8197916666666667 0.2240740740740741 0.016666666666666666 0.0925925925925926
5 0.8385416666666666 0.22870370370370371 0.0125 0.09814814814814815
5 0.9520833333333333 0.2953703703703704 0.014583333333333334 0.06851851851851852
6 0.8057291666666666 0.16203703703703703 0.013541666666666667 0.02777777777777778
5 0.80625 0.13240740740740742 0.010416666666666666 0.02777777777777778
0 0.3229166666666667 0.8574074074074074 0.16458333333333333 0.2851851851851852
