0 0.17300000000000001 0.7852852852852853 0.134 0.14114114114114115
2 0.28800000000000003 0.33183183183183185 0.04 0.13513513513513514
2 0.481 0.3228228228228228 0.038 0.13513513513513514
0 0.333 0.7987987987987988 0.166 0.15015015015015015
6 0.047 0.8768768768768769 0.09 0.12612612612612611
0 0.88 0.7927927927927928 0.10400000000000001 0.0960960960960961
0 0.761 0.7927927927927928 0.146 0.12612612612612611
0 0.271 0.7702702702702703 0.082 0.0990990990990991
0 0.503 0.8153153153153153 0.258 0.16516516516516516
5 0.039 0.7927927927927928 0.066 0.18618618618618618
2 0.685 0.3138138138138138 0.038 0.14114114114114115
0 0.095 0.7582582582582582 0.078 0.08708708708708708
1 0.418 0.32432432432432434 0.056 0.0960960960960961
1 0.876 0.3213213213213213 0.056 0.08408408408408408
0 0.67 0.7807807807807807 0.08 0.08408408408408408
0 0.044 0.7177177177177178 0.088 0.1021021021021021
0 0.624 0.7747747747747747 0.132 0.08408408408408408
1 0.973 0.3213213213213213 0.054 0.11411411411411411
1 0.589 0.5345345345345345 0.126 0.0960960960960961
1 0.326 0.484984984984985 0.14 0.11711711711711711
1 0.5680000000000001 0.3183183183183183 0.048 0.08408408408408408
1 0.35000000000000003 0.32432432432432434 0.056 0.1021021021021021
7 0.708 0.1906906906906907 0.024 0.057057057057057055
7 0.501 0.44144144144144143 0.014 0.036036036036036036
7 0.375 0.4339339339339339 0.01 0.015015015015015015
7 0.186 0.46546546546546547 0.012 0.024024024024024024
