0 0.7088541666666667 0.5342592592592593 0.08645833333333333 0.13148148148148148
0 0.503125 0.4398148148148148 0.0625 0.10925925925925926
0 0.6057291666666667 0.34444444444444444 0.040625 0.06296296296296297
0 0.44687499999999997 0.3611111111111111 0.04375 0.07037037037037037
5 0.153125 0.4203703703703704 0.020833333333333332 0.07407407407407407
0 0.6708333333333333 0.2777777777777778 0.035416666666666666 0.04814814814814815
0 0.23124999999999998 0.34074074074074073 0.052083333333333336 0.05925925925925926
0 0.9203125 0.35462962962962963 0.057291666666666664 0.061111111111111116
3 0.0328125 0.44074074074074077 0.065625 0.1
0 0.9635416666666666 0.3842592592592593 0.06458333333333333 0.061111111111111116
5 0.03125 0.5416666666666667 0.03333333333333333 0.08703703703703704
0 0.53125 0.22592592592592595 0.027083333333333334 0.03333333333333333
3 0.6088541666666667 0.1925925925925926 0.030208333333333334 0.05925925925925926
5 0.13333333333333333 0.4046296296296297 0.01875 0.06481481481481481
0 0.646875 0.22592592592592595 0.020833333333333332 0.02962962962962963
0 0.3307291666666667 0.26851851851851855 0.021875 0.037037037037037035
