0 0.3677083333333333 0.412962962962963 0.08333333333333333 0.12592592592592594
0 0.48854166666666665 0.33611111111111114 0.06458333333333333 0.10185185185185186
0 0.8682291666666666 0.587037037037037 0.13020833333333334 0.17407407407407408
0 0.6953125 0.26296296296296295 0.057291666666666664 0.07777777777777778
5 0.25885416666666666 0.33240740740740743 0.019791666666666666 0.07962962962962963
0 0.5203125 0.24444444444444446 0.053125 0.07407407407407407
0 0.7869791666666667 0.2675925925925926 0.065625 0.08703703703703704
0 0.6510416666666666 0.1574074074074074 0.0375 0.05925925925925926
0 0.12760416666666666 0.28240740740740744 0.05520833333333333 0.07222222222222223
0 0.7098958333333333 0.1685185185185185 0.040625 0.05555555555555556
0 0.9718749999999999 0.2175925925925926 0.05625 0.06851851851851852
0 0.09479166666666666 0.3111111111111111 0.06666666666666667 0.08148148148148149
0 0.340625 0.2518518518518519 0.04583333333333333 0.07037037037037037
0 0.9416666666666667 0.1962962962962963 0.06041666666666667 0.06296296296296297
5 0.9635416666666666 0.33611111111111114 0.035416666666666666 0.11666666666666667
4 0.6119791666666666 0.0787037037037037 0.036458333333333336 0.07962962962962963
4 0.6598958333333333 0.08703703703703704 0.03854166666666667 0.07037037037037037
0 0.20729166666666665 0.21851851851851853 0.058333333333333334 0.05925925925925926
0 0.271875 0.23240740740740742 0.05 0.061111111111111116
0 0.06614583333333333 0.3453703703703704 0.034375 0.07962962962962963
0 0.9916666666666667 0.24722222222222223 0.016666666666666666 0.03888888888888889
0 0.46822916666666664 0.09351851851851853 0.021875 0.031481481481481485
5 0.0796875 0.4675925925925926 0.028125 0.12037037037037038
0 0.4864583333333333 0.11851851851851852 0.027083333333333334 0.037037037037037035
0 0.9536458333333333 0.1527777777777778 0.07604166666666666 0.061111111111111116
0 0.15989583333333332 0.2101851851851852 0.051041666666666666 0.061111111111111116
0 0.23958333333333334 0.19814814814814816 0.03333333333333333 0.05185185185185186
0 0.4640625 0.17314814814814816 0.03854166666666667 0.05740740740740741
0 0.675 0.1277777777777778 0.029166666666666667 0.04814814814814815
0 0.5166666666666666 0.17222222222222222 0.03333333333333333 0.05185185185185186
0 0.859375 0.15 0.05416666666666667 0.05555555555555556
5 0.06145833333333333 0.5351851851851852 0.029166666666666667 0.14074074074074075
