0 0.3567708333333333 0.4398148148148148 0.08854166666666667 0.13518518518518519
0 0.484375 0.3490740740740741 0.06666666666666667 0.10555555555555556
0 0.8494791666666667 0.5435185185185185 0.11770833333333333 0.16111111111111112
0 0.5192708333333333 0.2518518518518519 0.05520833333333333 0.07407407407407407
0 0.6911458333333333 0.25277777777777777 0.05520833333333333 0.07592592592592592
0 0.7796875 0.2555555555555556 0.06354166666666666 0.08148148148148149
5 0.2598958333333333 0.3314814814814815 0.019791666666666666 0.08148148148148149
0 0.12760416666666666 0.28240740740740744 0.05520833333333333 0.07222222222222223
5 0.9645833333333333 0.3351851851851852 0.03125 0.11851851851851852
0 0.9718749999999999 0.21666666666666667 0.05625 0.06666666666666667
0 0.09427083333333333 0.312962962962963 0.06979166666666667 0.08518518518518518
0 0.65 0.15185185185185185 0.035416666666666666 0.05925925925925926
0 0.34010416666666665 0.2518518518518519 0.046875 0.07037037037037037
4 0.6114583333333333 0.07592592592592592 0.0375 0.07777777777777778
0 0.7083333333333334 0.16296296296296298 0.03958333333333333 0.05555555555555556
4 0.6578125 0.08240740740740742 0.042708333333333334 0.07222222222222223
0 0.9416666666666667 0.19444444444444445 0.06041666666666667 0.06296296296296297
0 0.20625 0.2175925925925926 0.058333333333333334 0.05740740740740741
0 0.4671875 0.09444444444444444 0.021875 0.03333333333333333
5 0.057812499999999996 0.5305555555555556 0.036458333333333336 0.13518518518518519
0 0.15989583333333332 0.2101851851851852 0.051041666666666666 0.061111111111111116
0 0.26458333333333334 0.23425925925925928 0.041666666666666664 0.061111111111111116
0 0.48541666666666666 0.11944444444444445 0.027083333333333334 0.03888888888888889
0 0.6739583333333333 0.12314814814814816 0.029166666666666667 0.0462962962962963
0 0.4614583333333333 0.17777777777777778 0.03958333333333333 0.06296296296296297
0 0.9916666666666667 0.24351851851851852 0.016666666666666666 0.04259259259259259
0 0.9541666666666666 0.15 0.07916666666666666 0.06296296296296297
5 0.08020833333333333 0.4712962962962963 0.029166666666666667 0.13148148148148148
0 0.06770833333333333 0.3490740740740741 0.0375 0.08333333333333334
0 0.8609375 0.14814814814814814 0.04895833333333333 0.05185185185185186
0 0.5161458333333333 0.17777777777777778 0.036458333333333336 0.05925925925925926
0 0.24166666666666667 0.19722222222222224 0.03958333333333333 0.05
0 0.48125 0.0712962962962963 0.01875 0.02777777777777778
