4 0.14375 0.28425925925925927 0.28541666666666665 0.5092592592592593
5 0.9546875 0.06018518518518519 0.03229166666666666 0.12037037037037038
5 0.16145833333333334 0.030555555555555558 0.020833333333333332 0.05740740740740741
5 0.140625 0.05092592592592593 0.01875 0.053703703703703705
5 0.9833333333333333 0.09722222222222222 0.03125 0.13148148148148148
5 0.9088541666666666 0.044444444444444446 0.028125 0.08518518518518518
5 0.9338541666666667 0.05462962962962963 0.026041666666666668 0.10555555555555556
5 0.10885416666666667 0.05185185185185186 0.028125 0.1
5 0.8963541666666667 0.026851851851851852 0.02395833333333333 0.053703703703703705
0 0.7765625 0.8324074074074075 0.24270833333333333 0.3351851851851852
