0 0.3078125 0.2925925925925926 0.057291666666666664 0.06666666666666667
0 0.4765625 0.2657407407407408 0.059375 0.05
0 0.8380208333333333 0.29814814814814816 0.08020833333333333 0.05925925925925926
0 0.65625 0.3453703703703704 0.09583333333333333 0.06851851851851852
0 0.6270833333333333 0.29444444444444445 0.07708333333333334 0.05555555555555556
0 0.9270833333333334 0.32037037037037036 0.1 0.07407407407407407
0 0.5640625 0.22592592592592595 0.051041666666666666 0.037037037037037035
5 0.09322916666666667 0.3138888888888889 0.017708333333333333 0.05740740740740741
5 0.18125 0.44907407407407407 0.025 0.05
5 0.11979166666666667 0.3138888888888889 0.016666666666666666 0.061111111111111116
0 0.70625 0.25833333333333336 0.05 0.05740740740740741
5 0.7364583333333333 0.2638888888888889 0.027083333333333334 0.05740740740740741
1 0.7604166666666666 0.6351851851851852 0.041666666666666664 0.13703703703703704
1 0.753125 0.7703703703703704 0.041666666666666664 0.11481481481481481
