4 0.7317708333333334 0.6953703703703704 0.5322916666666666 0.6055555555555556
0 0.9390625 0.40092592592592596 0.121875 0.1462962962962963
0 0.840625 0.23240740740740742 0.10208333333333333 0.08333333333333334
0 0.2265625 0.2814814814814815 0.06770833333333333 0.08888888888888889
0 0.15052083333333333 0.3231481481481482 0.071875 0.10925925925925926
0 0.47812499999999997 0.1638888888888889 0.0625 0.061111111111111116
0 0.025520833333333333 0.30833333333333335 0.051041666666666666 0.09814814814814815
0 0.30572916666666666 0.24537037037037038 0.06979166666666667 0.08703703703703704
0 0.609375 0.28611111111111115 0.08333333333333333 0.07592592592592592
0 0.5479166666666666 0.15925925925925927 0.058333333333333334 0.05925925925925926
0 0.0421875 0.19166666666666668 0.046875 0.06851851851851852
0 0.4317708333333333 0.10925925925925926 0.04895833333333333 0.04814814814814815
3 0.6098958333333333 0.21574074074074076 0.09895833333333333 0.11296296296296297
0 0.40520833333333334 0.16666666666666669 0.05625 0.044444444444444446
3 0.1890625 0.14166666666666666 0.04895833333333333 0.06851851851851852
0 0.0421875 0.14444444444444446 0.03854166666666667 0.04814814814814815
0 0.36666666666666664 0.09166666666666667 0.04375 0.04259259259259259
0 0.10885416666666667 0.13055555555555556 0.03854166666666667 0.06851851851851852
3 0.2921875 0.08703703703703704 0.040625 0.04814814814814815
0 0.0484375 0.036111111111111115 0.02395833333333333 0.03518518518518519
0 0.0984375 0.06481481481481481 0.02395833333333333 0.037037037037037035
0 0.13541666666666666 0.03518518518518519 0.016666666666666666 0.02592592592592593
0 0.17083333333333334 0.036111111111111115 0.022916666666666665 0.031481481481481485
0 0.20729166666666665 0.014814814814814815 0.0125 0.018518518518518517
0 0.21510416666666665 0.03518518518518519 0.017708333333333333 0.03333333333333333
0 0.20260416666666667 0.07222222222222223 0.040625 0.018518518518518517
0 0.2630208333333333 0.0462962962962963 0.02395833333333333 0.03333333333333333
0 0.2359375 0.058333333333333334 0.03229166666666666 0.0462962962962963
0 0.3958333333333333 0.07592592592592592 0.029166666666666667 0.037037037037037035
0 0.12291666666666666 0.016666666666666666 0.01875 0.022222222222222223
