4 0.9333333333333333 0.4620370370370371 0.13125 0.40555555555555556
0 0.6453125 0.35185185185185186 0.06979166666666667 0.10370370370370371
0 0.128125 0.28703703703703703 0.05416666666666667 0.07407407407407407
5 0.17916666666666667 0.3888888888888889 0.025 0.0962962962962963
0 0.6052083333333333 0.20370370370370372 0.0375 0.06296296296296297
0 0.09375 0.3175925925925926 0.06875 0.08333333333333334
0 0.15833333333333333 0.21666666666666667 0.04791666666666666 0.05555555555555556
0 0.6755208333333333 0.22870370370370371 0.04895833333333333 0.07962962962962963
0 0.26510416666666664 0.18611111111111112 0.034375 0.0462962962962963
0 0.24114583333333334 0.20833333333333334 0.03854166666666667 0.061111111111111116
0 0.9718749999999999 0.21481481481481482 0.05625 0.06666666666666667
0 0.21145833333333333 0.22037037037037038 0.04375 0.05185185185185186
0 0.06510416666666667 0.35185185185185186 0.034375 0.07777777777777778
0 0.6619791666666667 0.11111111111111112 0.030208333333333334 0.040740740740740744
0 0.6057291666666667 0.07314814814814816 0.017708333333333333 0.02777777777777778
0 0.5911458333333334 0.16111111111111112 0.03229166666666666 0.05185185185185186
0 0.2947916666666667 0.15925925925925927 0.029166666666666667 0.037037037037037035
0 0.9416666666666667 0.1953703703703704 0.06041666666666667 0.061111111111111116
0 0.28125 0.17037037037037037 0.03333333333333333 0.040740740740740744
0 0.9557291666666666 0.15 0.08020833333333333 0.06296296296296297
5 0.0796875 0.47222222222222227 0.028125 0.12222222222222223
5 0.059375 0.537962962962963 0.03333333333333333 0.13148148148148148
5 0.578125 0.08148148148148149 0.008333333333333333 0.02962962962962963
0 0.9916666666666667 0.24814814814814815 0.016666666666666666 0.04814814814814815
0 0.0421875 0.3462962962962963 0.08229166666666667 0.0925925925925926
0 0.8578125 0.14907407407407408 0.05520833333333333 0.053703703703703705
5 0.178125 0.36574074074074076 0.020833333333333332 0.0462962962962963
0 0.5328125 0.05740740740740741 0.015625 0.018518518518518517
