0 0.6114583333333333 0.4740740740740741 0.14583333333333334 0.16296296296296298
0 0.16770833333333332 0.637962962962963 0.11041666666666666 0.20925925925925926
0 0.5588541666666667 0.6203703703703703 0.178125 0.22592592592592595
0 0.5838541666666667 0.20555555555555557 0.08229166666666667 0.07407407407407407
0 0.8083333333333333 0.24351851851851852 0.10208333333333333 0.07962962962962963
0 0.7098958333333333 0.3027777777777778 0.09895833333333333 0.07222222222222223
0 0.14895833333333333 0.27870370370370373 0.06041666666666667 0.09814814814814815
0 0.6182291666666666 0.16481481481481483 0.065625 0.05925925925925926
0 0.31145833333333334 0.2962962962962963 0.08125 0.13333333333333333
0 0.5807291666666666 0.1287037037037037 0.059375 0.053703703703703705
0 0.028645833333333332 0.05740740740740741 0.021875 0.02962962962962963
3 0.1875 0.1712962962962963 0.058333333333333334 0.10555555555555556
0 0.2546875 0.17314814814814816 0.046875 0.06481481481481481
0 0.11979166666666667 0.12037037037037038 0.03333333333333333 0.044444444444444446
0 0.04895833333333333 0.075 0.020833333333333332 0.03518518518518519
0 0.008333333333333333 0.09351851851851853 0.016666666666666666 0.031481481481481485
0 0.09114583333333333 0.08703703703703704 0.026041666666666668 0.040740740740740744
0 0.16770833333333332 0.10555555555555556 0.03333333333333333 0.040740740740740744
0 0.32708333333333334 0.11018518518518519 0.03125 0.053703703703703705
0 0.33958333333333335 0.049074074074074076 0.027083333333333334 0.03888888888888889
0 0.296875 0.05925925925925926 0.025 0.02592592592592593
0 0.24270833333333333 0.0787037037037037 0.020833333333333332 0.031481481481481485
0 0.2625 0.06574074074074074 0.020833333333333332 0.031481481481481485
0 0.25416666666666665 0.03888888888888889 0.022916666666666665 0.037037037037037035
0 0.21770833333333334 0.03518518518518519 0.01875 0.02962962962962963
0 0.2046875 0.05092592592592593 0.02395833333333333 0.03518518518518519
0 0.16458333333333333 0.02962962962962963 0.027083333333333334 0.044444444444444446
