0 0.5703125 0.31574074074074077 0.09479166666666666 0.07222222222222223
0 0.7302083333333333 0.38981481481481484 0.13333333333333333 0.09074074074074075
0 0.896875 0.6916666666666667 0.20625 0.3055555555555556
0 0.13125 0.22870370370370371 0.03958333333333333 0.0462962962962963
0 0.753125 0.2675925925925926 0.09791666666666667 0.05740740740740741
0 0.34322916666666664 0.21574074074074076 0.046875 0.0462962962962963
0 0.6239583333333333 0.23240740740740742 0.07083333333333333 0.05740740740740741
0 0.9453125 0.31666666666666665 0.103125 0.06666666666666667
2 0.4317708333333333 0.016666666666666666 0.019791666666666666 0.03333333333333333
5 0.005729166666666666 0.27870370370370373 0.011458333333333333 0.053703703703703705
0 0.15416666666666667 0.17037037037037037 0.029166666666666667 0.02962962962962963
0 0.4088541666666667 0.2490740740740741 0.06354166666666666 0.0462962962962963
0 0.47291666666666665 0.20462962962962963 0.04791666666666666 0.03888888888888889
8 0.42916666666666664 0.2611111111111111 0.03958333333333333 0.04814814814814815
0 0.8270833333333333 0.2888888888888889 0.08958333333333333 0.06666666666666667
1 0.6807291666666666 0.5990740740740741 0.042708333333333334 0.11296296296296297
1 0.6744791666666666 0.737037037037037 0.051041666666666666 0.10740740740740741
