0 0.4359375 0.23796296296296296 0.08854166666666667 0.07592592592592592
0 0.17708333333333334 0.3453703703703704 0.08333333333333333 0.11296296296296297
0 0.575 0.13703703703703704 0.0375 0.05555555555555556
0 0.8369791666666666 0.18796296296296297 0.053125 0.07222222222222223
0 0.12708333333333333 0.39722222222222225 0.09166666666666666 0.12407407407407407
0 0.8708333333333333 0.3 0.08958333333333333 0.10740740740740741
0 0.8411458333333334 0.12407407407407407 0.04895833333333333 0.05185185185185186
0 0.07708333333333334 0.4601851851851852 0.09375 0.1388888888888889
0 0.9588541666666667 0.2814814814814815 0.08229166666666667 0.08888888888888889
0 0.6333333333333333 0.11851851851851852 0.03333333333333333 0.05555555555555556
0 0.21770833333333334 0.2990740740740741 0.06875 0.09444444444444444
3 0.7625 0.1212962962962963 0.04375 0.06481481481481481
0 0.24010416666666667 0.26666666666666666 0.051041666666666666 0.08518518518518518
0 0.036458333333333336 0.5212962962962964 0.07291666666666667 0.1574074074074074
0 0.7078125 0.06759259259259259 0.030208333333333334 0.03888888888888889
5 0.19427083333333334 0.8944444444444445 0.057291666666666664 0.21481481481481482
0 0.33177083333333335 0.17222222222222222 0.040625 0.05925925925925926
0 0.35052083333333334 0.1527777777777778 0.040625 0.053703703703703705
0 0.5697916666666667 0.022222222222222223 0.016666666666666666 0.022222222222222223
0 0.728125 0.05092592592592593 0.025 0.03518518518518519
5 0.14947916666666666 0.913888888888889 0.057291666666666664 0.17592592592592593
3 0.5854166666666667 0.08981481481481482 0.041666666666666664 0.07592592592592592
0 0.6796875 0.032407407407407406 0.026041666666666668 0.031481481481481485
0 0.5734375 0.044444444444444446 0.021875 0.018518518518518517
5 0.2765625 0.712962962962963 0.036458333333333336 0.2
0 0.2984375 0.19166666666666668 0.06145833333333333 0.06481481481481481
5 0.0265625 0.5916666666666667 0.040625 0.12407407407407407
0 0.3671875 0.13055555555555556 0.03854166666666667 0.0462962962962963
5 0.4328125 0.1462962962962963 0.013541666666666667 0.04814814814814815
0 0.6921875 0.04166666666666667 0.02395833333333333 0.031481481481481485
0 0.5526041666666667 0.007407407407407408 0.015625 0.014814814814814815
5 0.22395833333333334 0.7555555555555555 0.0375 0.23703703703703705
5 0.3140625 0.5527777777777778 0.02395833333333333 0.1685185185185185
5 0.2864583333333333 0.5907407407407408 0.03333333333333333 0.16296296296296298
5 0.19322916666666667 0.8018518518518519 0.02395833333333333 0.16296296296296298
