4 0.46249999999999997 0.4814814814814815 0.19583333333333333 0.4814814814814815
0 0.6510416666666666 0.4935185185185185 0.10833333333333334 0.17962962962962964
0 0.14166666666666666 0.3666666666666667 0.09375 0.12222222222222223
0 0.09270833333333334 0.4287037037037037 0.09166666666666666 0.1425925925925926
0 0.044270833333333336 0.5 0.08854166666666667 0.17407407407407408
5 0.09322916666666667 0.812962962962963 0.053125 0.22222222222222224
0 0.9119791666666667 0.20370370370370372 0.07604166666666666 0.08518518518518518
0 0.6333333333333333 0.29444444444444445 0.06875 0.14074074074074075
0 0.016666666666666666 0.7342592592592593 0.03333333333333333 0.16481481481481483
0 0.53125 0.22962962962962963 0.0625 0.08518518518518518
0 0.7203125 0.9287037037037037 0.17604166666666665 0.1425925925925926
0 0.18958333333333333 0.312962962962963 0.07916666666666666 0.11111111111111112
5 0.16197916666666667 0.8953703703703704 0.06770833333333333 0.20925925925925926
5 0.3151041666666667 0.700925925925926 0.053125 0.19814814814814816
0 0.6296875 0.1925925925925926 0.051041666666666666 0.07037037037037037
0 0.7041666666666666 0.18425925925925926 0.05416666666666667 0.07962962962962963
0 0.8354166666666667 0.12037037037037038 0.05625 0.08518518518518518
0 0.6473958333333333 0.06759259259259259 0.034375 0.05740740740740741
5 0.11458333333333333 0.5425925925925926 0.0375 0.07777777777777778
0 0.9697916666666666 0.08888888888888889 0.05416666666666667 0.05555555555555556
0 0.23385416666666667 0.2601851851851852 0.06979166666666667 0.08333333333333334
0 0.6005208333333333 0.10462962962962963 0.040625 0.07962962962962963
0 0.7770833333333333 0.06944444444444445 0.03333333333333333 0.0462962962962963
5 0.24635416666666665 0.712962962962963 0.040625 0.21851851851851853
5 0.21875 0.8481481481481482 0.0625 0.2777777777777778
0 0.534375 0.10370370370370371 0.035416666666666666 0.05555555555555556
5 0.3411458333333333 0.3027777777777778 0.015625 0.08703703703703704
0 0.5973958333333333 0.018518518518518517 0.026041666666666668 0.02962962962962963
0 0.8182291666666667 0.062037037037037036 0.036458333333333336 0.0462962962962963
0 0.6755208333333333 0.18796296296296297 0.10520833333333333 0.07592592592592592
0 0.7171875 0.0712962962962963 0.034375 0.05
5 0.35625 0.6537037037037037 0.041666666666666664 0.17407407407407408
0 0.3223958333333333 0.16018518518518518 0.040625 0.061111111111111116
