0 0.5895833333333333 0.2388888888888889 0.07291666666666667 0.0925925925925926
0 0.7848958333333333 0.1953703703703704 0.059375 0.07592592592592592
0 0.07760416666666667 0.4666666666666667 0.09479166666666666 0.14074074074074075
0 0.36302083333333335 0.20092592592592592 0.11770833333333333 0.09444444444444444
0 0.17708333333333334 0.3490740740740741 0.08333333333333333 0.11296296296296297
0 0.21666666666666667 0.3027777777777778 0.07083333333333333 0.09814814814814815
4 0.42552083333333335 0.5564814814814815 0.234375 0.6685185185185185
0 0.1265625 0.4027777777777778 0.09270833333333334 0.12407407407407407
0 0.03697916666666667 0.5407407407407407 0.07395833333333333 0.1814814814814815
5 0.5635416666666666 0.02592592592592593 0.010416666666666666 0.03333333333333333
5 0.6390625 0.014814814814814815 0.019791666666666666 0.02962962962962963
0 0.24010416666666667 0.26666666666666666 0.053125 0.08148148148148149
5 0.0875 0.8740740740740741 0.03958333333333333 0.1814814814814815
0 0.3651041666666667 0.12962962962962962 0.042708333333333334 0.04814814814814815
0 0.24114583333333334 0.19074074074074074 0.046875 0.07037037037037037
5 0.196875 0.8870370370370371 0.05625 0.22222222222222224
0 0.4114583333333333 0.07962962962962963 0.027083333333333334 0.03333333333333333
0 0.3484375 0.14722222222222223 0.040625 0.03518518518518519
0 0.2953125 0.1925925925925926 0.059375 0.06296296296296297
0 0.9557291666666666 0.08518518518518518 0.036458333333333336 0.044444444444444446
0 0.425 0.05648148148148149 0.035416666666666666 0.0462962962962963
