0 0.6296875 0.6685185185185185 0.128125 0.22592592592592595
0 0.45729166666666665 0.6944444444444444 0.12291666666666666 0.24074074074074076
0 0.6270833333333333 0.3462962962962963 0.06875 0.11111111111111112
0 0.3640625 0.2555555555555556 0.13645833333333332 0.08518518518518518
0 0.17604166666666665 0.3814814814814815 0.08541666666666667 0.11111111111111112
0 0.8447916666666666 0.21944444444444444 0.052083333333333336 0.09074074074074075
0 0.5848958333333333 0.2064814814814815 0.042708333333333334 0.061111111111111116
0 0.12604166666666666 0.4342592592592593 0.09166666666666666 0.12407407407407407
0 0.21770833333333334 0.3351851851851852 0.06875 0.1
0 0.5505208333333333 0.14722222222222223 0.03229166666666666 0.0462962962962963
0 0.078125 0.48055555555555557 0.09166666666666666 0.11296296296296297
0 0.03333333333333333 0.5666666666666667 0.06666666666666667 0.17777777777777778
0 0.6598958333333333 0.20740740740740743 0.04479166666666667 0.06666666666666667
0 0.6078125 0.10740740740740741 0.028125 0.05555555555555556
0 0.5671875 0.06944444444444445 0.019791666666666666 0.02777777777777778
6 0.0734375 0.6101851851851852 0.03229166666666666 0.09814814814814815
5 0.0453125 0.9361111111111111 0.059375 0.12037037037037038
5 0.06510416666666667 0.8435185185185186 0.04479166666666667 0.1462962962962963
5 0.3359375 0.3388888888888889 0.02395833333333333 0.08888888888888889
5 0.20833333333333334 0.8972222222222223 0.052083333333333336 0.20185185185185187
0 0.23906249999999998 0.3037037037037037 0.051041666666666666 0.08518518518518518
5 0.18177083333333333 0.9398148148148149 0.053125 0.12037037037037038
0 0.5416666666666666 0.10092592592592593 0.025 0.04259259259259259
5 0.14166666666666666 0.9638888888888889 0.04791666666666666 0.07222222222222223
0 0.21197916666666666 0.25277777777777777 0.07604166666666666 0.07592592592592592
0 0.9421875 0.9518518518518518 0.11354166666666667 0.0962962962962963
0 0.3546875 0.18703703703703706 0.042708333333333334 0.04814814814814815
5 0.328125 0.5546296296296297 0.029166666666666667 0.1537037037037037
5 0.2786458333333333 0.6305555555555555 0.036458333333333336 0.15
5 0.2838541666666667 0.7453703703703703 0.030208333333333334 0.1462962962962963
5 0.2604166666666667 0.8018518518518519 0.035416666666666666 0.17777777777777778
5 0.24010416666666667 0.8074074074074075 0.051041666666666666 0.24814814814814815
5 0.3072916666666667 0.6240740740740741 0.04583333333333333 0.15555555555555556
