4 0.4890625 0.12407407407407407 0.13645833333333332 0.16296296296296298
0 0.8859374999999999 0.21944444444444444 0.06979166666666667 0.08703703703703704
0 0.9567708333333333 0.29814814814814816 0.08645833333333333 0.11111111111111112
0 0.6682291666666667 0.3037037037037037 0.06979166666666667 0.11851851851851852
0 0.5869791666666666 0.20370370370370372 0.05520833333333333 0.08518518518518518
0 0.13489583333333333 0.3648148148148148 0.08645833333333333 0.11111111111111112
0 0.4890625 0.20370370370370372 0.06354166666666666 0.07777777777777778
5 0.29010416666666666 0.41111111111111115 0.03854166666666667 0.11481481481481481
0 0.7442708333333333 0.13333333333333333 0.04479166666666667 0.05925925925925926
0 0.6510416666666666 0.14166666666666666 0.0375 0.061111111111111116
0 0.359375 0.17962962962962964 0.075 0.06666666666666667
4 0.3072916666666667 0.7212962962962963 0.18125 0.37962962962962965
0 0.5864583333333333 0.14166666666666666 0.041666666666666664 0.0462962962962963
0 0.0796875 0.40555555555555556 0.08229166666666667 0.0962962962962963
5 0.2296875 0.5351851851851852 0.040625 0.13703703703703704
0 0.26510416666666664 0.23611111111111113 0.051041666666666666 0.06481481481481481
5 0.19270833333333334 0.5435185185185185 0.03333333333333333 0.16481481481481483
3 0.9833333333333333 0.17777777777777778 0.03333333333333333 0.07407407407407407
5 0.04635416666666667 0.8092592592592593 0.04479166666666667 0.2111111111111111
0 0.03229166666666666 0.46574074074074073 0.06458333333333333 0.10555555555555556
5 0.2598958333333333 0.4166666666666667 0.026041666666666668 0.12222222222222223
0 0.6322916666666667 0.049074074074074076 0.027083333333333334 0.031481481481481485
0 0.746875 0.05277777777777778 0.03125 0.04259259259259259
5 0.23958333333333334 0.513888888888889 0.03958333333333333 0.11296296296296297
5 0.12135416666666667 0.7074074074074075 0.036458333333333336 0.1814814814814815
5 0.021354166666666667 0.8592592592592593 0.042708333333333334 0.22222222222222224
0 0.7203125 0.07962962962962963 0.034375 0.05555555555555556
0 0.5901041666666667 0.10092592592592593 0.034375 0.0462962962962963
5 0.08697916666666666 0.7611111111111112 0.059375 0.1962962962962963
0 0.7151041666666667 0.017592592592592594 0.02395833333333333 0.03518518518518519
5 0.2421875 0.4527777777777778 0.030208333333333334 0.08333333333333334
0 0.6005208333333333 0.06481481481481481 0.026041666666666668 0.03333333333333333
0 0.2515625 0.2675925925925926 0.036458333333333336 0.07962962962962963
0 0.6364583333333333 0.09074074074074075 0.035416666666666666 0.05185185185185186
0 0.17291666666666666 0.3175925925925926 0.03958333333333333 0.09814814814814815
5 0.159375 0.6370370370370371 0.03333333333333333 0.14814814814814814
5 0.14739583333333334 0.6777777777777778 0.03229166666666666 0.16296296296296298
5 0.15677083333333333 0.5740740740740741 0.03229166666666666 0.14074074074074075
