0 0.6203125 0.2925925925925926 0.165625 0.14074074074074075
4 0.8776041666666666 0.10185185185185186 0.23854166666666665 0.20370370370370372
0 0.08541666666666667 0.15833333333333333 0.14791666666666667 0.10555555555555556
0 0.05416666666666667 0.39166666666666666 0.10625 0.1537037037037037
0 0.06354166666666666 0.09722222222222222 0.12916666666666665 0.08333333333333334
0 0.23802083333333332 0.15092592592592594 0.14479166666666665 0.06851851851851852
5 0.7296875 0.11944444444444445 0.015625 0.07222222222222223
5 0.27291666666666664 0.03333333333333333 0.025 0.06666666666666667
5 0.5770833333333333 0.1462962962962963 0.022916666666666665 0.08888888888888889
0 0.49635416666666665 0.09722222222222222 0.051041666666666666 0.07222222222222223
