0 0.26979166666666665 0.537962962962963 0.1125 0.17222222222222222
0 0.8083333333333333 0.6611111111111111 0.2375 0.2962962962962963
0 0.109375 0.27685185185185185 0.06458333333333333 0.09074074074074075
0 0.9010416666666666 0.3703703703703704 0.15833333333333333 0.11851851851851852
0 0.6963541666666666 0.2111111111111111 0.090625 0.07407407407407407
0 0.30104166666666665 0.2212962962962963 0.06041666666666667 0.07962962962962963
0 0.6145833333333334 0.22962962962962963 0.09583333333333333 0.07777777777777778
0 0.596875 0.6462962962962964 0.17083333333333334 0.2888888888888889
0 0.051041666666666666 0.14722222222222223 0.041666666666666664 0.05740740740740741
0 0.46197916666666666 0.1527777777777778 0.059375 0.05740740740740741
0 0.9473958333333333 0.45925925925925926 0.10520833333333333 0.08888888888888889
0 0.37135416666666665 0.062037037037037036 0.036458333333333336 0.03888888888888889
0 0.16614583333333333 0.12222222222222223 0.03854166666666667 0.05185185185185186
0 0.013541666666666667 0.07222222222222223 0.027083333333333334 0.04814814814814815
3 0.2713541666666667 0.05925925925925926 0.040625 0.05925925925925926
0 0.3723958333333333 0.11018518518518519 0.053125 0.05
0 0.40520833333333334 0.09537037037037037 0.03958333333333333 0.0462962962962963
0 0.06458333333333333 0.07222222222222223 0.029166666666666667 0.037037037037037035
0 0.38125 0.14907407407407408 0.041666666666666664 0.03518518518518519
0 0.03229166666666666 0.044444444444444446 0.025 0.03333333333333333
0 0.23124999999999998 0.04537037037037037 0.029166666666666667 0.03518518518518519
