2 0.35390625000000003 0.21562499999999998 0.0390625 0.11875
2 0.81015625 0.25729166666666664 0.035937500000000004 0.11875
0 0.71484375 0.75 0.1921875 0.15
2 0.5765625 0.234375 0.037500000000000006 0.11458333333333333
5 0.86484375 0.715625 0.026562500000000003 0.04375
2 0.0234375 0.44375 0.028125 0.0625
0 0.026562500000000003 0.7083333333333334 0.053125000000000006 0.07083333333333333
0 0.14375000000000002 0.6739583333333333 0.025 0.01875
0 0.171875 0.6729166666666666 0.025 0.020833333333333332
1 0.29531250000000003 0.20520833333333333 0.053125000000000006 0.09791666666666667
0 0.09609375 0.6739583333333333 0.029687500000000002 0.014583333333333334
1 0.9421875000000001 0.25625 0.059375000000000004 0.1
1 0.74140625 0.23645833333333333 0.0578125 0.10208333333333333
1 0.5242187500000001 0.22291666666666665 0.045312500000000006 0.1
1 0.05390625 0.184375 0.0703125 0.08958333333333333
