0 0.565625 0.5092592592592593 0.14583333333333334 0.14814814814814814
0 0.4296875 0.3666666666666667 0.09479166666666666 0.11481481481481481
0 0.6989583333333333 0.33240740740740743 0.09583333333333333 0.06851851851851852
5 0.1625 0.5157407407407407 0.029166666666666667 0.11296296296296297
5 0.20104166666666667 0.49444444444444446 0.029166666666666667 0.10740740740740741
0 0.8416666666666667 0.3074074074074074 0.09791666666666667 0.05925925925925926
0 0.4203125 0.25092592592592594 0.04895833333333333 0.04259259259259259
0 0.921875 0.33055555555555555 0.09375 0.07222222222222223
0 0.5140625 0.2712962962962963 0.06770833333333333 0.053703703703703705
0 0.365625 0.21944444444444444 0.03958333333333333 0.03518518518518519
5 0.234375 0.4324074074074074 0.01875 0.07592592592592592
0 0.027083333333333334 0.3805555555555556 0.052083333333333336 0.09074074074074075
5 0.28489583333333335 0.44537037037037036 0.028125 0.07962962962962963
0 0.0421875 0.2925925925925926 0.04895833333333333 0.07037037037037037
0 0.31614583333333335 0.20370370370370372 0.03229166666666666 0.03333333333333333
0 0.18020833333333333 0.1685185185185185 0.01875 0.022222222222222223
2 0.5213541666666667 0.04814814814814815 0.017708333333333333 0.02962962962962963
0 0.7020833333333333 0.2657407407407408 0.04791666666666666 0.053703703703703705
0 0.9604166666666667 0.525 0.07916666666666666 0.1277777777777778
6 0.20572916666666666 0.5222222222222223 0.021875 0.05925925925925926
1 0.7625 0.6398148148148148 0.04375 0.1277777777777778
1 0.75 0.7740740740740741 0.04583333333333333 0.15185185185185185
