0 0.6744791666666666 0.32222222222222224 0.08645833333333333 0.06296296296296297
0 0.6072916666666667 0.5388888888888889 0.16041666666666665 0.16296296296296298
0 0.44895833333333335 0.375 0.1 0.1277777777777778
0 0.9145833333333333 0.4712962962962963 0.17083333333333334 0.10185185185185186
5 0.16927083333333334 0.5296296296296297 0.030208333333333334 0.10370370370370371
0 0.840625 0.3074074074074074 0.1 0.05925925925925926
5 0.2109375 0.5046296296296297 0.030208333333333334 0.10185185185185186
0 0.40781249999999997 0.24444444444444446 0.046875 0.044444444444444446
0 0.4979166666666667 0.2657407407407408 0.06458333333333333 0.05
0 0.921875 0.32962962962962966 0.09166666666666666 0.07037037037037037
6 0.21562499999999998 0.5398148148148149 0.022916666666666665 0.061111111111111116
5 0.23645833333333333 0.437962962962963 0.022916666666666665 0.09074074074074075
5 0.2838541666666667 0.4444444444444445 0.030208333333333334 0.07777777777777778
0 0.2453125 0.19074074074074074 0.026041666666666668 0.02592592592592593
0 0.0265625 0.37962962962962965 0.04895833333333333 0.08888888888888889
5 0.013541666666666667 0.4351851851851852 0.022916666666666665 0.08518518518518518
0 0.04635416666666667 0.2916666666666667 0.036458333333333336 0.06851851851851852
0 0.359375 0.21851851851851853 0.035416666666666666 0.02962962962962963
0 0.7026041666666667 0.2638888888888889 0.051041666666666666 0.05740740740740741
0 0.17708333333333334 0.16666666666666669 0.01875 0.022222222222222223
5 0.15052083333333333 0.34814814814814815 0.019791666666666666 0.07407407407407407
