0 0.3520833333333333 0.6870370370370371 0.16458333333333333 0.23333333333333334
0 0.8208333333333333 0.23148148148148148 0.11041666666666666 0.08148148148148149
0 0.28072916666666664 0.23240740740740742 0.06145833333333333 0.07592592592592592
0 0.10208333333333333 0.2490740740740741 0.05625 0.08333333333333334
0 0.5953125 0.4842592592592593 0.14479166666666665 0.16111111111111112
0 0.9760416666666667 0.3453703703703704 0.04791666666666666 0.09444444444444444
0 0.5369791666666667 0.23796296296296296 0.07395833333333333 0.061111111111111116
0 0.41770833333333335 0.14722222222222223 0.058333333333333334 0.053703703703703705
0 0.471875 0.19074074074074074 0.06875 0.06666666666666667
0 0.471875 0.13333333333333333 0.05625 0.05185185185185186
0 0.03802083333333333 0.11944444444444445 0.03229166666666666 0.061111111111111116
0 0.10729166666666666 0.1277777777777778 0.0375 0.04814814814814815
3 0.6807291666666666 0.20925925925925926 0.096875 0.1
0 0.33229166666666665 0.10555555555555556 0.041666666666666664 0.044444444444444446
3 0.20677083333333332 0.03888888888888889 0.036458333333333336 0.05185185185185186
0 0.0375 0.07222222222222223 0.03125 0.037037037037037035
0 0.06354166666666666 0.08425925925925926 0.029166666666666667 0.03888888888888889
0 0.018229166666666668 0.02962962962962963 0.021875 0.037037037037037035
0 0.2796875 0.07777777777777778 0.03854166666666667 0.044444444444444446
