0 0.21197916666666666 0.3768518518518519 0.051041666666666666 0.05740740740740741
0 0.24427083333333333 0.35462962962962963 0.040625 0.0462962962962963
0 0.9640624999999999 0.5444444444444445 0.071875 0.12592592592592594
0 0.8515625 0.40925925925925927 0.053125 0.05185185185185186
0 0.6057291666666667 0.3944444444444445 0.046875 0.05925925925925926
0 0.6833333333333333 0.4166666666666667 0.05416666666666667 0.07407407407407407
0 0.2947916666666667 0.31851851851851853 0.03125 0.040740740740740744
0 0.2713541666666667 0.3351851851851852 0.03854166666666667 0.044444444444444446
0 0.0125 0.5435185185185185 0.025 0.07962962962962963
0 0.9421875 0.47685185185185186 0.08645833333333333 0.07592592592592592
3 0.09270833333333334 0.4175925925925926 0.10625 0.08333333333333334
0 0.11510416666666666 0.4425925925925926 0.08229166666666667 0.0925925925925926
0 0.7682291666666666 0.3462962962962963 0.036458333333333336 0.040740740740740744
0 0.8802083333333334 0.437962962962963 0.04375 0.07222222222222223
5 0.2838541666666667 0.36388888888888893 0.013541666666666667 0.04259259259259259
0 0.3109375 0.3055555555555556 0.026041666666666668 0.040740740740740744
