4 0.4380208333333333 0.3472222222222222 0.190625 0.5166666666666667
0 0.035416666666666666 0.49444444444444446 0.07083333333333333 0.17407407407407408
0 0.1453125 0.3175925925925926 0.096875 0.1277777777777778
0 0.96875 0.062037037037037036 0.05625 0.053703703703703705
0 0.9458333333333333 0.019444444444444445 0.04791666666666666 0.03888888888888889
0 0.228125 0.22037037037037038 0.06458333333333333 0.0925925925925926
0 0.2630208333333333 0.17500000000000002 0.059375 0.07222222222222223
0 0.19427083333333334 0.26944444444444443 0.065625 0.10555555555555556
0 0.43854166666666666 0.020370370370370372 0.025 0.040740740740740744
0 0.29270833333333335 0.14537037037037037 0.04791666666666666 0.06851851851851852
0 0.9833333333333333 0.018518518518518517 0.03333333333333333 0.037037037037037035
0 0.9874999999999999 0.07962962962962963 0.025 0.05185185185185186
5 0.38177083333333334 0.11944444444444445 0.013541666666666667 0.053703703703703705
5 0.05260416666666667 0.5601851851851852 0.042708333333333334 0.11296296296296297
0 0.8755208333333333 0.02314814814814815 0.05520833333333333 0.0462962962962963
6 0.12864583333333332 0.4638888888888889 0.034375 0.09444444444444444
6 0.013020833333333334 0.32407407407407407 0.02395833333333333 0.05925925925925926
0 0.3848958333333333 0.03796296296296296 0.030208333333333334 0.03888888888888889
0 0.3776041666666667 0.0462962962962963 0.034375 0.040740740740740744
6 0.0859375 0.40370370370370373 0.059375 0.07037037037037037
0 0.2984375 0.09166666666666667 0.059375 0.0462962962962963
0 0.34739583333333335 0.06851851851851852 0.04479166666666667 0.040740740740740744
0 0.396875 0.015740740740740743 0.027083333333333334 0.031481481481481485
