0 0.3442708333333333 0.6768518518518519 0.16145833333333334 0.22777777777777777
0 0.8583333333333333 0.7537037037037038 0.22916666666666666 0.27037037037037037
0 0.228125 0.26666666666666666 0.06875 0.08518518518518518
0 0.028645833333333332 0.30092592592592593 0.057291666666666664 0.11296296296296297
0 0.6015625 0.22777777777777777 0.084375 0.07407407407407407
0 0.1 0.21944444444444444 0.052083333333333336 0.09444444444444444
0 0.9541666666666666 0.46296296296296297 0.09166666666666666 0.10370370370370371
3 0.6177083333333333 0.15185185185185185 0.075 0.08148148148148149
0 0.5479166666666666 0.15925925925925927 0.07083333333333333 0.07037037037037037
3 0.4088541666666667 0.10462962962962963 0.051041666666666666 0.061111111111111116
0 0.4432291666666667 0.0925925925925926 0.036458333333333336 0.044444444444444446
0 0.1296875 0.15833333333333333 0.04479166666666667 0.053703703703703705
0 0.09895833333333333 0.11851851851851852 0.0375 0.05185185185185186
0 0.009895833333333333 0.17222222222222222 0.019791666666666666 0.08148148148148149
3 0.1984375 0.03981481481481482 0.03229166666666666 0.03518518518518519
0 0.315625 0.0712962962962963 0.0375 0.03518518518518519
0 0.1 0.06574074074074074 0.029166666666666667 0.03518518518518519
3 0.14895833333333333 0.017592592592592594 0.029166666666666667 0.03518518518518519
3 0.0484375 0.05462962962962963 0.028125 0.0462962962962963
0 0.30625 0.12037037037037038 0.03333333333333333 0.037037037037037035
0 0.2453125 0.08518518518518518 0.026041666666666668 0.040740740740740744
0 0.27708333333333335 0.08055555555555556 0.03125 0.04259259259259259
0 0.22760416666666666 0.053703703703703705 0.02395833333333333 0.037037037037037035
0 0.21979166666666666 0.016666666666666666 0.022916666666666665 0.02962962962962963
