0 0.6817708333333333 0.7583333333333334 0.278125 0.3055555555555556
4 0.07239583333333333 0.4185185185185185 0.14479166666666665 0.2888888888888889
0 0.48385416666666664 0.36944444444444446 0.12604166666666666 0.09074074074074075
0 0.2520833333333333 0.39722222222222225 0.08958333333333333 0.12037037037037038
4 0.7979166666666666 0.35185185185185186 0.40208333333333335 0.34814814814814815
0 0.14270833333333333 0.36203703703703705 0.06458333333333333 0.10185185185185186
0 0.2677083333333333 0.22037037037037038 0.052083333333333336 0.05185185185185186
4 0.9744791666666667 0.15925925925925927 0.04895833333333333 0.0962962962962963
5 0.4895833333333333 0.21666666666666667 0.01875 0.06296296296296297
5 0.45208333333333334 0.20925925925925926 0.01875 0.05925925925925926
0 0.09791666666666667 0.22777777777777777 0.0375 0.04814814814814815
0 0.590625 0.19907407407407407 0.05416666666666667 0.05
0 0.03333333333333333 0.20462962962962963 0.029166666666666667 0.03888888888888889
0 0.19635416666666666 0.22222222222222224 0.04479166666666667 0.044444444444444446
0 0.0359375 0.1685185185185185 0.019791666666666666 0.02592592592592593
0 0.07395833333333333 0.2555555555555556 0.041666666666666664 0.07407407407407407
0 0.5015625 0.10925925925925926 0.04479166666666667 0.040740740740740744
0 0.1796875 0.18703703703703706 0.036458333333333336 0.037037037037037035
0 0.41510416666666666 0.16481481481481483 0.053125 0.037037037037037035
5 0.7640625 0.08148148148148149 0.021875 0.07407407407407407
0 0.07447916666666667 0.19722222222222224 0.02395833333333333 0.03888888888888889
5 0.475 0.2138888888888889 0.016666666666666666 0.05740740740740741
5 0.5682291666666667 0.23425925925925928 0.019791666666666666 0.07592592592592592
0 0.08489583333333334 0.1462962962962963 0.021875 0.02962962962962963
