0 0.7421875 0.2537037037037037 0.09479166666666666 0.05555555555555556
0 0.9354166666666667 0.30092592592592593 0.10416666666666667 0.06481481481481481
0 0.4661458333333333 0.19166666666666668 0.051041666666666666 0.03888888888888889
0 0.8197916666666667 0.27222222222222225 0.0875 0.06666666666666667
0 0.6130208333333333 0.22037037037037038 0.06145833333333333 0.05555555555555556
5 0.05572916666666666 0.6037037037037037 0.04479166666666667 0.11481481481481481
6 0.05572916666666666 0.65 0.03854166666666667 0.11481481481481481
5 0.0328125 0.5546296296296297 0.036458333333333336 0.10925925925925926
0 0.559375 0.20833333333333334 0.04791666666666666 0.0462962962962963
1 0.6729166666666666 0.5814814814814815 0.04375 0.10740740740740741
1 0.6697916666666667 0.7203703703703704 0.041666666666666664 0.12592592592592594
