0 0.7442708333333333 0.2518518518518519 0.09479166666666666 0.05555555555555556
0 0.8213541666666666 0.2712962962962963 0.08229166666666667 0.06851851851851852
0 0.46770833333333334 0.19074074074074074 0.052083333333333336 0.040740740740740744
0 0.9322916666666666 0.3 0.09791666666666667 0.06666666666666667
0 0.6166666666666667 0.2175925925925926 0.06875 0.05740740740740741
5 0.05364583333333333 0.6046296296296296 0.04479166666666667 0.11666666666666667
5 0.028645833333333332 0.5583333333333333 0.034375 0.10925925925925926
6 0.0546875 0.6537037037037037 0.040625 0.11111111111111112
0 0.559375 0.2064814814814815 0.05 0.05
0 0.42604166666666665 0.1824074074074074 0.0375 0.031481481481481485
0 0.5057291666666667 0.20277777777777778 0.042708333333333334 0.031481481481481485
1 0.675 0.5787037037037037 0.04375 0.10555555555555556
1 0.66875 0.7277777777777779 0.03958333333333333 0.11851851851851852
