0 0.21302083333333333 0.37592592592592594 0.051041666666666666 0.05555555555555556
0 0.5802083333333333 0.33055555555555555 0.03125 0.04259259259259259
0 0.2453125 0.35462962962962963 0.040625 0.0462962962962963
0 0.271875 0.33611111111111114 0.0375 0.0462962962962963
0 0.8515625 0.40925925925925927 0.053125 0.05555555555555556
0 0.628125 0.3314814814814815 0.03333333333333333 0.044444444444444446
0 0.0125 0.5435185185185185 0.025 0.07962962962962963
0 0.11562499999999999 0.44351851851851853 0.08125 0.09074074074074075
0 0.2947916666666667 0.3175925925925926 0.03125 0.03888888888888889
0 0.9427083333333334 0.47685185185185186 0.08541666666666667 0.07592592592592592
0 0.984375 0.5620370370370371 0.03125 0.09074074074074075
3 0.09114583333333333 0.41574074074074074 0.10104166666666667 0.07962962962962963
0 0.7682291666666666 0.3462962962962963 0.036458333333333336 0.040740740740740744
0 0.9765625 0.5416666666666667 0.046875 0.12407407407407407
0 0.8791666666666667 0.4314814814814815 0.041666666666666664 0.06296296296296297
0 0.3109375 0.30648148148148147 0.026041666666666668 0.04259259259259259
5 0.22395833333333334 0.412962962962963 0.016666666666666666 0.05925925925925926
5 0.007291666666666667 0.4324074074074074 0.014583333333333334 0.06481481481481481
