0 0.052083333333333336 0.4666666666666667 0.10416666666666667 0.12222222222222223
0 0.440625 0.30833333333333335 0.08541666666666667 0.09444444444444444
0 0.6677083333333333 0.31203703703703706 0.06875 0.09074074074074075
0 0.4270833333333333 0.20925925925925926 0.06458333333333333 0.06666666666666667
0 0.9765625 0.24537037037037038 0.04479166666666667 0.09444444444444444
0 0.8802083333333334 0.29074074074074074 0.05416666666666667 0.10740740740740741
0 0.6364583333333333 0.1787037037037037 0.052083333333333336 0.05740740740740741
0 0.5765625 0.1287037037037037 0.03854166666666667 0.04259259259259259
0 0.8260416666666667 0.18981481481481483 0.04791666666666666 0.07592592592592592
0 0.9249999999999999 0.10555555555555556 0.035416666666666666 0.05185185185185186
0 0.9020833333333333 0.16111111111111112 0.035416666666666666 0.06296296296296297
0 0.08229166666666667 0.6370370370370371 0.16458333333333333 0.2777777777777778
0 0.7713541666666667 0.1824074074074074 0.046875 0.06481481481481481
0 0.8984375 0.06666666666666667 0.028125 0.03333333333333333
0 0.9703125 0.009259259259259259 0.015625 0.018518518518518517
0 0.6494791666666666 0.13148148148148148 0.040625 0.044444444444444446
0 0.6307291666666667 0.09537037037037037 0.03229166666666666 0.03518518518518519
0 0.7171875 0.11666666666666667 0.030208333333333334 0.040740740740740744
0 0.6786458333333333 0.08055555555555556 0.026041666666666668 0.03888888888888889
0 0.7239583333333334 0.0712962962962963 0.029166666666666667 0.03888888888888889
0 0.7239583333333334 0.044444444444444446 0.01875 0.022222222222222223
0 0.7479166666666667 0.02777777777777778 0.014583333333333334 0.022222222222222223
0 0.75625 0.06018518518518519 0.014583333333333334 0.031481481481481485
0 0.7828125 0.06481481481481481 0.015625 0.03333333333333333
0 0.8072916666666666 0.03333333333333333 0.014583333333333334 0.022222222222222223
0 0.7744791666666666 0.032407407407407406 0.013541666666666667 0.024074074074074074
0 0.8838541666666666 0.016666666666666666 0.015625 0.02592592592592593
0 0.9005208333333333 0.02592592592592593 0.013541666666666667 0.018518518518518517
0 0.9135416666666667 0.017592592592592594 0.016666666666666666 0.031481481481481485
0 0.7963541666666667 0.02592592592592593 0.011458333333333333 0.02592592592592593
0 0.8447916666666666 0.011111111111111112 0.020833333333333332 0.018518518518518517
