4 0.7848958333333333 0.12037037037037038 0.26979166666666665 0.23703703703703705
0 0.5411458333333333 0.3212962962962963 0.18645833333333334 0.1537037037037037
0 0.0921875 0.16666666666666669 0.14895833333333333 0.10370370370370371
4 0.9588541666666667 0.09907407407407408 0.08229166666666667 0.1388888888888889
0 0.06666666666666667 0.10648148148148148 0.13333333333333333 0.08333333333333334
8 0.19739583333333333 0.20370370370370372 0.059375 0.05555555555555556
0 0.4869791666666667 0.10185185185185186 0.07604166666666666 0.07777777777777778
5 0.196875 0.1787037037037037 0.03958333333333333 0.07592592592592592
4 0.9630208333333333 0.018518518518518517 0.07395833333333333 0.037037037037037035
1 0.4791666666666667 0.625925925925926 0.0020833333333333333 0.0
5 0.5807291666666666 0.1462962962962963 0.02395833333333333 0.1
5 0.5546875 0.15185185185185185 0.021875 0.11111111111111112
