0 0.03854166666666667 0.3925925925925926 0.07708333333333334 0.10740740740740741
0 0.5270833333333333 0.11111111111111112 0.058333333333333334 0.05925925925925926
0 0.6145833333333334 0.06574074074074074 0.04583333333333333 0.0462962962962963
0 0.23229166666666667 0.27314814814814814 0.10833333333333334 0.09074074074074075
0 0.125 0.33240740740740743 0.11875 0.10555555555555556
0 0.4744791666666667 0.1388888888888889 0.06770833333333333 0.06296296296296297
0 0.5723958333333333 0.08703703703703704 0.042708333333333334 0.05185185185185186
0 0.428125 0.17037037037037037 0.04791666666666666 0.06296296296296297
5 0.3536458333333333 0.1787037037037037 0.011458333333333333 0.02777777777777778
0 0.640625 0.04537037037037037 0.03125 0.05
