4 0.8182291666666667 0.42592592592592593 0.315625 0.44074074074074077
0 0.42135416666666664 0.32685185185185184 0.071875 0.06851851851851852
0 0.2739583333333333 0.12314814814814816 0.07291666666666667 0.05740740740740741
0 0.7265625 0.11296296296296297 0.053125 0.05185185185185186
0 0.020833333333333332 0.2212962962962963 0.041666666666666664 0.04259259259259259
3 0.13177083333333334 0.14814814814814814 0.11145833333333333 0.12222222222222223
0 0.32708333333333334 0.12222222222222223 0.03958333333333333 0.02592592592592593
4 0.4083333333333333 0.049074074074074076 0.15416666666666667 0.09814814814814815
4 0.058333333333333334 0.1537037037037037 0.08333333333333333 0.11111111111111112
0 0.8171875 0.02962962962962963 0.051041666666666666 0.044444444444444446
0 0.030208333333333334 0.6018518518518519 0.06041666666666667 0.0962962962962963
0 0.39375 0.08703703703703704 0.06875 0.05555555555555556
