0 0.03854166666666667 0.3925925925925926 0.07708333333333334 0.10740740740740741
0 0.5270833333333333 0.11111111111111112 0.058333333333333334 0.05925925925925926
0 0.6140625 0.06574074074074074 0.046875 0.0462962962962963
0 0.23229166666666667 0.27222222222222225 0.10833333333333334 0.0925925925925926
0 0.4739583333333333 0.1388888888888889 0.06666666666666667 0.06296296296296297
0 0.12552083333333333 0.33333333333333337 0.11770833333333333 0.10740740740740741
0 0.5708333333333333 0.08796296296296297 0.041666666666666664 0.053703703703703705
0 0.6411458333333333 0.044444444444444446 0.030208333333333334 0.04814814814814815
5 0.3536458333333333 0.1787037037037037 0.011458333333333333 0.02777777777777778
0 0.43072916666666666 0.16944444444444445 0.051041666666666666 0.061111111111111116
