4 0.5703125 0.25833333333333336 0.31145833333333334 0.23148148148148148
4 0.07239583333333333 0.4175925925925926 0.14479166666666665 0.29074074074074074
0 0.4979166666666667 0.3277777777777778 0.10833333333333334 0.0962962962962963
0 0.39427083333333335 0.7805555555555556 0.20104166666666667 0.3092592592592593
0 0.19114583333333332 0.2972222222222222 0.06354166666666666 0.07222222222222223
0 0.8963541666666667 0.2555555555555556 0.10729166666666666 0.05555555555555556
0 0.14322916666666666 0.34074074074074073 0.06145833333333333 0.11481481481481481
0 0.22604166666666667 0.2351851851851852 0.05 0.05185185185185186
0 0.07083333333333333 0.1962962962962963 0.027083333333333334 0.037037037037037035
0 0.06354166666666666 0.24074074074074076 0.0375 0.04814814814814815
0 0.12864583333333332 0.24444444444444446 0.03854166666666667 0.05185185185185186
0 0.026041666666666668 0.18981481481481483 0.022916666666666665 0.031481481481481485
0 0.75625 0.22685185185185186 0.06666666666666667 0.061111111111111116
0 0.19583333333333333 0.19351851851851853 0.03958333333333333 0.03888888888888889
4 0.975 0.16111111111111112 0.05 0.0925925925925926
5 0.7520833333333333 0.2564814814814815 0.029166666666666667 0.061111111111111116
0 0.1453125 0.1712962962962963 0.030208333333333334 0.031481481481481485
0 0.11979166666666667 0.1787037037037037 0.029166666666666667 0.031481481481481485
0 0.9390625 0.6722222222222223 0.11979166666666667 0.17037037037037037
0 0.008333333333333333 0.20370370370370372 0.016666666666666666 0.06296296296296297
0 0.5 0.10740740740740741 0.041666666666666664 0.037037037037037035
0 0.019270833333333334 0.1537037037037037 0.017708333333333333 0.018518518518518517
0 0.8177083333333334 0.1574074074074074 0.052083333333333336 0.05185185185185186
