0 0.9015624999999999 0.5194444444444445 0.096875 0.09444444444444444
0 0.2140625 0.3731481481481482 0.053125 0.05740740740740741
0 0.271875 0.33333333333333337 0.03958333333333333 0.044444444444444446
0 0.9854166666666666 0.5611111111111111 0.029166666666666667 0.08888888888888889
0 0.2942708333333333 0.31666666666666665 0.03229166666666666 0.040740740740740744
0 0.5614583333333333 0.35000000000000003 0.035416666666666666 0.05185185185185186
0 0.5661458333333333 0.29074074074074074 0.02395833333333333 0.03333333333333333
0 0.24479166666666666 0.35185185185185186 0.03958333333333333 0.04814814814814815
0 0.0125 0.5398148148148149 0.025 0.07592592592592592
0 0.8515625 0.4064814814814815 0.057291666666666664 0.053703703703703705
0 0.11614583333333334 0.44074074074074077 0.08020833333333333 0.08888888888888889
0 0.975 0.5120370370370371 0.05 0.06481481481481481
0 0.6015625 0.287962962962963 0.02395833333333333 0.03518518518518519
5 0.030729166666666665 0.41574074074074074 0.017708333333333333 0.061111111111111116
0 0.8984375 0.43333333333333335 0.084375 0.08148148148148149
0 0.7692708333333333 0.34444444444444444 0.03854166666666667 0.040740740740740744
0 0.9364583333333333 0.4759259259259259 0.07083333333333333 0.08148148148148149
3 0.09166666666666666 0.412962962962963 0.10416666666666667 0.08148148148148149
5 0.09791666666666667 0.5064814814814815 0.029166666666666667 0.07962962962962963
0 0.3125 0.30092592592592593 0.029166666666666667 0.03888888888888889
0 0.5822916666666667 0.2898148148148148 0.06041666666666667 0.031481481481481485
0 0.8276041666666667 0.3907407407407408 0.042708333333333334 0.05925925925925926
