0 0.3078125 0.35833333333333334 0.08854166666666667 0.11666666666666667
0 0.06979166666666667 0.4444444444444445 0.0875 0.14074074074074075
0 0.6723958333333333 0.7916666666666667 0.22395833333333334 0.2796296296296296
0 0.8770833333333333 0.3564814814814815 0.13958333333333334 0.10925925925925926
0 0.440625 0.11666666666666667 0.052083333333333336 0.04814814814814815
0 0.6239583333333333 0.15555555555555556 0.06458333333333333 0.05925925925925926
0 0.06302083333333333 0.17962962962962964 0.05520833333333333 0.07407407407407407
0 0.5947916666666666 0.26203703703703707 0.10833333333333334 0.08703703703703704
0 0.6729166666666666 0.20462962962962963 0.09166666666666666 0.08703703703703704
0 0.24583333333333332 0.18611111111111112 0.05416666666666667 0.06481481481481481
0 0.03854166666666667 0.11111111111111112 0.03333333333333333 0.04814814814814815
3 0.134375 0.14074074074074075 0.04583333333333333 0.07407407407407407
3 0.23177083333333334 0.036111111111111115 0.030208333333333334 0.03888888888888889
0 0.9171874999999999 0.2962962962962963 0.109375 0.12592592592592594
3 0.8630208333333333 0.23148148148148148 0.11354166666666667 0.10740740740740741
0 0.2786458333333333 0.075 0.03854166666666667 0.03888888888888889
0 0.309375 0.11111111111111112 0.04791666666666666 0.040740740740740744
0 0.08229166666666667 0.09074074074074075 0.03125 0.040740740740740744
0 0.008333333333333333 0.061111111111111116 0.016666666666666666 0.037037037037037035
0 0.09583333333333333 0.058333333333333334 0.027083333333333334 0.03888888888888889
0 0.28854166666666664 0.03333333333333333 0.03333333333333333 0.05185185185185186
0 0.16822916666666665 0.026851851851851852 0.017708333333333333 0.020370370370370372
0 0.19479166666666667 0.015740740740740743 0.022916666666666665 0.024074074074074074
0 0.165625 0.10462962962962963 0.03125 0.04259259259259259
