0 0.7302083333333333 0.2555555555555556 0.08541666666666667 0.05555555555555556
0 0.8098958333333334 0.2712962962962963 0.084375 0.06851851851851852
0 0.6078125 0.2212962962962963 0.06770833333333333 0.05740740740740741
0 0.9135416666666667 0.2888888888888889 0.08333333333333333 0.07407407407407407
5 0.9619791666666666 0.3027777777777778 0.026041666666666668 0.07592592592592592
0 0.45677083333333335 0.1953703703703704 0.051041666666666666 0.03888888888888889
5 0.9932291666666666 0.3231481481481482 0.013541666666666667 0.05
0 0.49895833333333334 0.20462962962962963 0.052083333333333336 0.03518518518518519
0 0.5458333333333333 0.2101851851851852 0.04791666666666666 0.0462962962962963
1 0.6651041666666666 0.5972222222222222 0.04895833333333333 0.1462962962962963
1 0.6557291666666667 0.7287037037037037 0.057291666666666664 0.1277777777777778
