0 0.22291666666666665 0.5018518518518519 0.15208333333333332 0.14814814814814814
0 0.3796875 0.3175925925925926 0.084375 0.07962962962962963
0 0.61875 0.7101851851851853 0.14166666666666666 0.21666666666666667
0 0.12552083333333333 0.4398148148148148 0.11979166666666667 0.10555555555555556
0 0.18958333333333333 0.8972222222222223 0.33125 0.20555555555555557
0 0.5473958333333333 0.24444444444444446 0.05520833333333333 0.07407407407407407
0 0.8239583333333333 0.23981481481481481 0.04791666666666666 0.05740740740740741
0 0.8817708333333333 0.29074074074074074 0.051041666666666666 0.07407407407407407
0 0.5942708333333333 0.26203703703703707 0.05520833333333333 0.06851851851851852
0 0.6052083333333333 0.15185185185185185 0.035416666666666666 0.040740740740740744
0 0.6697916666666667 0.19722222222222224 0.04583333333333333 0.0462962962962963
0 0.9098958333333333 0.06759259259259259 0.017708333333333333 0.024074074074074074
0 0.6875 0.14814814814814814 0.03333333333333333 0.040740740740740744
0 0.6677083333333333 0.14074074074074075 0.03125 0.03333333333333333
0 0.8869791666666667 0.0638888888888889 0.015625 0.016666666666666666
0 0.8057291666666666 0.06666666666666667 0.017708333333333333 0.022222222222222223
3 0.7145833333333333 0.09537037037037037 0.03125 0.05
0 0.7770833333333333 0.10833333333333334 0.025 0.03518518518518519
0 0.94375 0.06018518518518519 0.01875 0.03518518518518519
0 0.17291666666666666 0.06944444444444445 0.0375 0.012962962962962964
4 0.04010416666666666 0.062037037037037036 0.08020833333333333 0.07962962962962963
0 0.7791666666666667 0.08703703703703704 0.022916666666666665 0.02592592592592593
