0 0.7338541666666667 0.2574074074074074 0.09270833333333334 0.05555555555555556
0 0.8104166666666667 0.2740740740740741 0.08541666666666667 0.06666666666666667
0 0.60625 0.22314814814814815 0.06458333333333333 0.05740740740740741
0 0.45729166666666665 0.19722222222222224 0.05 0.03888888888888889
0 0.91875 0.2916666666666667 0.09791666666666667 0.07962962962962963
5 0.9421875 0.31666666666666665 0.02395833333333333 0.05185185185185186
0 0.5458333333333333 0.21203703703703705 0.04583333333333333 0.0462962962962963
5 0.9630208333333333 0.3037037037037037 0.026041666666666668 0.07037037037037037
1 0.671875 0.5935185185185186 0.04375 0.11296296296296297
1 0.6682291666666667 0.7555555555555555 0.051041666666666666 0.10370370370370371
