0 0.21458333333333332 0.3740740740740741 0.052083333333333336 0.05555555555555556
0 0.271875 0.33333333333333337 0.03958333333333333 0.044444444444444446
0 0.8526041666666666 0.4083333333333333 0.053125 0.05
0 0.5927083333333333 0.275 0.020833333333333332 0.031481481481481485
0 0.013020833333333334 0.5398148148148149 0.026041666666666668 0.07592592592592592
0 0.9848958333333333 0.5620370370370371 0.030208333333333334 0.09074074074074075
0 0.24583333333333332 0.3527777777777778 0.03958333333333333 0.05
0 0.11562499999999999 0.4416666666666667 0.08125 0.09074074074074075
0 0.2947916666666667 0.31666666666666665 0.03333333333333333 0.040740740740740744
0 0.5359375 0.2740740740740741 0.019791666666666666 0.02962962962962963
0 0.9755208333333333 0.5120370370370371 0.04895833333333333 0.06851851851851852
0 0.7854166666666667 0.40555555555555556 0.05625 0.05925925925925926
3 0.09166666666666666 0.412962962962963 0.1 0.08148148148148149
0 0.76875 0.3462962962962963 0.0375 0.040740740740740744
0 0.8994791666666666 0.4314814814814815 0.084375 0.08518518518518518
0 0.5630208333333333 0.27870370370370373 0.021875 0.02777777777777778
0 0.9307291666666666 0.47314814814814815 0.06145833333333333 0.07962962962962963
