0 0.06770833333333333 0.6398148148148148 0.13541666666666666 0.17592592592592593
0 0.5072916666666667 0.2712962962962963 0.05416666666666667 0.053703703703703705
0 0.40572916666666664 0.37777777777777777 0.096875 0.11111111111111112
0 0.859375 0.4851851851851852 0.06875 0.10740740740740741
0 0.7046875 0.5425925925925926 0.10520833333333333 0.1925925925925926
0 0.7807291666666667 0.3842592592592593 0.06979166666666667 0.08703703703703704
0 0.7369791666666666 0.3111111111111111 0.057291666666666664 0.06666666666666667
0 0.42864583333333334 0.4185185185185185 0.11770833333333333 0.14074074074074075
3 0.7802083333333333 0.11203703703703705 0.04791666666666666 0.05740740740740741
0 0.9239583333333333 0.18425925925925926 0.025 0.03888888888888889
0 0.675 0.23611111111111113 0.03958333333333333 0.05
0 0.8291666666666666 0.19074074074074074 0.027083333333333334 0.037037037037037035
0 0.0828125 0.10555555555555556 0.084375 0.03333333333333333
0 0.8958333333333334 0.14537037037037037 0.020833333333333332 0.02777777777777778
0 0.9651041666666667 0.17314814814814816 0.026041666666666668 0.03888888888888889
0 0.678125 0.1953703703703704 0.0375 0.04259259259259259
4 0.4088541666666667 0.037037037037037035 0.09895833333333333 0.05925925925925926
0 0.8619791666666666 0.14351851851851852 0.021875 0.02777777777777778
0 0.7166666666666667 0.17685185185185187 0.03125 0.031481481481481485
0 0.6979166666666666 0.15925925925925927 0.029166666666666667 0.02962962962962963
3 0.04114583333333333 0.07685185185185185 0.08020833333333333 0.06851851851851852
0 0.9453125 0.11574074074074074 0.015625 0.020370370370370372
4 0.36302083333333335 0.03333333333333333 0.14895833333333333 0.06296296296296297
0 0.9697916666666666 0.12962962962962962 0.01875 0.02592592592592593
4 0.9791666666666666 0.788888888888889 0.041666666666666664 0.27037037037037037
0 0.75 0.13333333333333333 0.0020833333333333333 0.0
0 0.7411458333333333 0.12037037037037038 0.015625 0.02592592592592593
0 0.7473958333333334 0.15555555555555556 0.017708333333333333 0.02962962962962963
0 0.7671875 0.1638888888888889 0.019791666666666666 0.02777777777777778
0 0.8213541666666666 0.125 0.015625 0.024074074074074074
0 0.8270833333333333 0.0962962962962963 0.0125 0.02592592592592593
0 0.8468749999999999 0.10185185185185186 0.010416666666666666 0.018518518518518517
0 0.8828125 0.11481481481481481 0.017708333333333333 0.02962962962962963
0 0.9 0.10740740740740741 0.0125 0.022222222222222223
0 0.9192708333333334 0.10555555555555556 0.011458333333333333 0.02592592592592593
