0 0.453125 0.34351851851851856 0.09375 0.10555555555555556
0 0.7182291666666667 0.8731481481481482 0.17395833333333333 0.2537037037037037
0 0.4427083333333333 0.20555555555555557 0.058333333333333334 0.05925925925925926
0 0.5291666666666667 0.8148148148148149 0.2 0.2962962962962963
3 0.03958333333333333 0.5916666666666667 0.07916666666666666 0.19074074074074074
0 0.5697916666666667 0.1787037037037037 0.058333333333333334 0.06851851851851852
0 0.8494791666666667 0.1425925925925926 0.034375 0.04814814814814815
0 0.8880208333333334 0.2351851851851852 0.04479166666666667 0.07407407407407407
0 0.6479166666666667 0.13148148148148148 0.03958333333333333 0.044444444444444446
0 0.784375 0.25092592592592594 0.06041666666666667 0.08703703703703704
0 0.590625 0.13703703703703704 0.041666666666666664 0.040740740740740744
3 0.3359375 0.2935185185185185 0.10520833333333333 0.12037037037037038
3 0.41510416666666666 0.2935185185185185 0.08020833333333333 0.11666666666666667
0 0.6161458333333333 0.19444444444444445 0.051041666666666666 0.05925925925925926
3 0.6583333333333333 0.3027777777777778 0.08333333333333333 0.12407407407407407
0 0.8848958333333333 0.08703703703703704 0.030208333333333334 0.040740740740740744
0 0.9234375 0.049074074074074076 0.019791666666666666 0.031481481481481485
0 0.8666666666666667 0.031481481481481485 0.016666666666666666 0.022222222222222223
0 0.9635416666666666 0.06018518518518519 0.020833333333333332 0.03888888888888889
0 0.603125 0.10925925925925926 0.03333333333333333 0.037037037037037035
