4 0.8911458333333333 0.412962962962963 0.21562499999999998 0.42962962962962964
0 0.20364583333333333 0.6648148148148149 0.165625 0.2555555555555556
4 0.07916666666666666 0.6 0.15625 0.5074074074074074
0 0.8958333333333334 0.8768518518518519 0.20208333333333334 0.24629629629629632
0 0.24739583333333334 0.22870370370370371 0.11562499999999999 0.07962962962962963
0 0.9604166666666667 0.17962962962962964 0.07916666666666666 0.06296296296296297
0 0.2817708333333333 0.39722222222222225 0.078125 0.1277777777777778
0 0.98125 0.23981481481481481 0.0375 0.10925925925925926
0 0.459375 0.2925925925925926 0.06458333333333333 0.13333333333333333
0 0.6244791666666667 0.09166666666666667 0.03229166666666666 0.053703703703703705
0 0.47291666666666665 0.18981481481481483 0.04791666666666666 0.07222222222222223
0 0.4588541666666667 0.05648148148148149 0.026041666666666668 0.04259259259259259
0 0.019791666666666666 0.2851851851851852 0.03958333333333333 0.1
0 0.046875 0.1925925925925926 0.03958333333333333 0.06296296296296297
0 0.8869791666666667 0.16111111111111112 0.05520833333333333 0.07407407407407407
0 0.4317708333333333 0.15462962962962964 0.03854166666666667 0.061111111111111116
0 0.5145833333333333 0.006481481481481482 0.029166666666666667 0.012962962962962964
5 0.8322916666666667 0.18981481481481483 0.01875 0.03518518518518519
0 0.47760416666666666 0.01388888888888889 0.030208333333333334 0.02777777777777778
0 0.5697916666666667 0.005555555555555556 0.014583333333333334 0.011111111111111112
0 0.8619791666666666 0.13796296296296298 0.034375 0.061111111111111116
0 0.825 0.11481481481481481 0.03125 0.04814814814814815
0 0.8010416666666667 0.09814814814814815 0.041666666666666664 0.04814814814814815
