4 0.459375 0.5148148148148148 0.20416666666666666 0.5222222222222223
0 0.14479166666666665 0.3648148148148148 0.09166666666666666 0.12222222222222223
0 0.19270833333333334 0.31203703703703706 0.08333333333333333 0.11296296296296297
4 0.9520833333333333 0.14537037037037037 0.09166666666666666 0.19814814814814816
0 0.4484375 0.20740740740740743 0.09895833333333333 0.07037037037037037
5 0.2015625 0.862037037037037 0.057291666666666664 0.26481481481481484
0 0.5140625 0.15092592592592594 0.06770833333333333 0.06481481481481481
5 0.3052083333333333 0.5666666666666667 0.04791666666666666 0.18888888888888888
0 0.7567708333333333 0.0462962962962963 0.03229166666666666 0.044444444444444446
0 0.23333333333333334 0.2638888888888889 0.07083333333333333 0.09814814814814815
5 0.14947916666666666 0.8731481481481482 0.05520833333333333 0.1537037037037037
0 0.5052083333333334 0.2212962962962963 0.058333333333333334 0.07222222222222223
0 0.044270833333333336 0.4990740740740741 0.08854166666666667 0.17962962962962964
0 0.5828125 0.019444444444444445 0.02395833333333333 0.03888888888888889
5 0.07239583333333333 0.3175925925925926 0.028125 0.09074074074074075
5 0.06458333333333333 0.6787037037037037 0.04375 0.1685185185185185
0 0.09270833333333334 0.4277777777777778 0.0875 0.14074074074074075
5 0.04583333333333333 0.7620370370370371 0.052083333333333336 0.20185185185185187
0 0.25416666666666665 0.22962962962962963 0.05416666666666667 0.07777777777777778
0 0.36614583333333334 0.1175925925925926 0.040625 0.05
0 0.4536458333333333 0.061111111111111116 0.028125 0.040740740740740744
0 0.7015625 0.012962962962962964 0.02395833333333333 0.02592592592592593
0 0.34739583333333335 0.1388888888888889 0.03854166666666667 0.05925925925925926
0 0.011979166666666666 0.7314814814814815 0.02395833333333333 0.15925925925925927
5 0.240625 0.8398148148148148 0.03958333333333333 0.19444444444444445
0 0.2604166666666667 0.1462962962962963 0.05 0.05555555555555556
0 0.3833333333333333 0.09444444444444444 0.0375 0.04814814814814815
5 0.5046875 0.5592592592592592 0.03229166666666666 0.07777777777777778
0 0.7375 0.005555555555555556 0.01875 0.011111111111111112
0 0.3125 0.1574074074074074 0.0625 0.06296296296296297
0 0.3921875 0.08333333333333334 0.040625 0.044444444444444446
0 0.40729166666666666 0.06666666666666667 0.03958333333333333 0.044444444444444446
5 0.21197916666666666 0.16018518518518518 0.019791666666666666 0.061111111111111116
5 0.196875 0.7555555555555555 0.025 0.12962962962962962
5 0.1859375 0.40092592592592596 0.03854166666666667 0.12037037037037038
5 0.36822916666666666 0.3666666666666667 0.042708333333333334 0.14074074074074075
