0 0.11458333333333333 0.5898148148148148 0.17291666666666666 0.17962962962962964
4 0.6348958333333333 0.20092592592592592 0.090625 0.12037037037037038
0 0.23229166666666667 0.6027777777777777 0.16458333333333333 0.1685185185185185
0 0.40989583333333335 0.39166666666666666 0.09479166666666666 0.08703703703703704
0 0.5479166666666666 0.33055555555555555 0.07083333333333333 0.07222222222222223
0 0.7270833333333333 0.5203703703703704 0.09166666666666666 0.14444444444444446
0 0.4109375 0.3287037037037037 0.078125 0.08703703703703704
0 0.8859374999999999 0.25925925925925924 0.04479166666666667 0.05555555555555556
0 0.5130208333333334 0.24537037037037038 0.04895833333333333 0.0462962962962963
0 0.8557291666666667 0.2351851851851852 0.036458333333333336 0.05185185185185186
0 0.8203125 0.20277777777777778 0.030208333333333334 0.03888888888888889
0 0.9718749999999999 0.17500000000000002 0.025 0.04259259259259259
4 0.4083333333333333 0.04259259259259259 0.10625 0.05925925925925926
0 0.8598958333333333 0.14907407407407408 0.021875 0.024074074074074074
0 0.9317708333333333 0.16296296296296298 0.021875 0.02962962962962963
0 0.08177083333333333 0.11018518518518519 0.08229166666666667 0.03518518518518519
0 0.9390625 0.10740740740740741 0.013541666666666667 0.018518518518518517
0 0.6776041666666667 0.2425925925925926 0.040625 0.044444444444444446
0 0.8880208333333334 0.12037037037037038 0.017708333333333333 0.018518518518518517
0 0.7416666666666667 0.1527777777777778 0.0375 0.05
0 0.8875 0.16203703703703703 0.027083333333333334 0.03888888888888889
0 0.7671875 0.15925925925925927 0.036458333333333336 0.037037037037037035
4 0.3536458333333333 0.04259259259259259 0.13645833333333332 0.07037037037037037
4 0.040625 0.08796296296296297 0.08125 0.07592592592592592
0 0.7083333333333334 0.16666666666666669 0.027083333333333334 0.02592592592592593
0 0.8333333333333334 0.1212962962962963 0.016666666666666666 0.016666666666666666
0 0.8958333333333334 0.14814814814814814 0.022916666666666665 0.02592592592592593
