0 0.8489583333333334 0.425 0.13958333333333334 0.1425925925925926
0 0.2869791666666667 0.28240740740740744 0.11770833333333333 0.09814814814814815
0 0.6026041666666666 0.4518518518518519 0.184375 0.17037037037037037
0 0.8989583333333333 0.6777777777777778 0.2 0.22962962962962963
0 0.4817708333333333 0.2851851851851852 0.14270833333333333 0.11851851851851852
0 0.6895833333333333 0.14166666666666666 0.07708333333333334 0.061111111111111116
0 0.9713541666666666 0.22314814814814815 0.057291666666666664 0.08703703703703704
0 0.8541666666666666 0.10462962962962963 0.0625 0.053703703703703705
0 0.53125 0.1814814814814815 0.09375 0.05925925925925926
0 0.9083333333333333 0.10462962962962963 0.07708333333333334 0.05
0 0.51875 0.21296296296296297 0.075 0.04814814814814815
0 0.9770833333333333 0.05925925925925926 0.04583333333333333 0.044444444444444446
0 0.825 0.09074074074074075 0.05416666666666667 0.05185185185185186
