0 0.28125 0.40370370370370373 0.11875 0.11481481481481481
0 0.31354166666666666 0.2796296296296296 0.08333333333333333 0.0925925925925926
0 0.465625 0.31203703703703706 0.0875 0.10185185185185186
0 0.6541666666666667 0.3314814814814815 0.07916666666666666 0.0925925925925926
0 0.7630208333333334 0.34351851851851856 0.07395833333333333 0.10925925925925926
0 0.9171874999999999 0.17592592592592593 0.040625 0.05925925925925926
0 0.8234374999999999 0.17314814814814816 0.03854166666666667 0.06481481481481481
0 0.5494791666666666 0.20092592592592592 0.05520833333333333 0.061111111111111116
3 0.4609375 0.20740740740740743 0.09895833333333333 0.11851851851851852
0 0.6348958333333333 0.12962962962962962 0.03854166666666667 0.05185185185185186
0 0.9239583333333333 0.03981481481481482 0.01875 0.020370370370370372
0 0.8947916666666667 0.021296296296296296 0.016666666666666666 0.024074074074074074
0 0.8833333333333333 0.053703703703703705 0.022916666666666665 0.02962962962962963
0 0.8598958333333333 0.03333333333333333 0.019791666666666666 0.02962962962962963
0 0.8135416666666666 0.10462962962962963 0.029166666666666667 0.03888888888888889
0 0.6151041666666667 0.1953703703703704 0.053125 0.061111111111111116
0 0.6708333333333333 0.09074074074074075 0.027083333333333334 0.044444444444444446
0 0.6885416666666666 0.05648148148148149 0.029166666666666667 0.04259259259259259
0 0.7421875 0.06666666666666667 0.021875 0.02592592592592593
0 0.7776041666666667 0.05925925925925926 0.021875 0.02592592592592593
0 0.7276041666666666 0.031481481481481485 0.013541666666666667 0.02592592592592593
0 0.746875 0.04722222222222222 0.020833333333333332 0.031481481481481485
0 0.7927083333333333 0.037037037037037035 0.022916666666666665 0.02592592592592593
0 0.8052083333333333 0.018518518518518517 0.010416666666666666 0.018518518518518517
0 0.8265625 0.014814814814814815 0.015625 0.018518518518518517
0 0.7578125 0.030555555555555558 0.011458333333333333 0.024074074074074074
0 0.7885416666666667 0.012962962962962964 0.010416666666666666 0.014814814814814815
