0 0.6166666666666667 0.8796296296296297 0.3125 0.24074074074074076
0 0.2859375 0.25092592592592594 0.07395833333333333 0.05740740740740741
0 0.30416666666666664 0.8805555555555555 0.27708333333333335 0.2388888888888889
0 0.7453125 0.37962962962962965 0.13645833333333332 0.07777777777777778
0 0.4744791666666667 0.39166666666666666 0.134375 0.07962962962962963
0 0.12552083333333333 0.23796296296296296 0.071875 0.06481481481481481
0 0.07708333333333334 0.4287037037037037 0.12708333333333333 0.13148148148148148
0 0.8260416666666667 0.4537037037037037 0.175 0.13333333333333333
0 0.0515625 0.22777777777777777 0.065625 0.04814814814814815
0 0.07135416666666666 0.24351851851851852 0.10729166666666666 0.06481481481481481
