4 0.121875 0.5370370370370371 0.24166666666666667 0.3740740740740741
0 0.6270833333333333 0.2425925925925926 0.04583333333333333 0.04814814814814815
0 0.7078125 0.3592592592592593 0.06354166666666666 0.07407407407407407
0 0.5 0.24722222222222223 0.05 0.0462962962962963
0 0.5145833333333333 0.2851851851851852 0.08125 0.08888888888888889
0 0.903125 0.26203703703703707 0.03958333333333333 0.05740740740740741
0 0.7875 0.3509259259259259 0.052083333333333336 0.07962962962962963
0 0.7776041666666667 0.8861111111111112 0.14479166666666665 0.22777777777777777
0 0.9286458333333333 0.1398148148148148 0.019791666666666666 0.02777777777777778
0 0.7963541666666667 0.23796296296296296 0.034375 0.0462962962962963
0 0.6296875 0.20555555555555557 0.03854166666666667 0.037037037037037035
0 0.8552083333333333 0.18611111111111112 0.027083333333333334 0.03888888888888889
4 0.39479166666666665 0.04166666666666667 0.12083333333333333 0.06481481481481481
0 0.8932291666666666 0.1462962962962963 0.019791666666666666 0.02962962962962963
0 0.690625 0.1685185185185185 0.022916666666666665 0.03333333333333333
0 0.4828125 0.3740740740740741 0.096875 0.11481481481481481
0 0.07552083333333333 0.10462962962962963 0.08645833333333333 0.031481481481481485
0 0.7541666666666667 0.17592592592592593 0.029166666666666667 0.037037037037037035
0 0.8765625 0.1287037037037037 0.013541666666666667 0.016666666666666666
0 0.7927083333333333 0.11574074074074074 0.016666666666666666 0.024074074074074074
0 0.7322916666666667 0.1685185185185185 0.027083333333333334 0.03333333333333333
0 0.9708333333333333 0.9212962962962963 0.05625 0.1574074074074074
0 0.9630208333333333 0.11481481481481481 0.015625 0.02592592592592593
4 0.0390625 0.07685185185185185 0.07604166666666666 0.06481481481481481
0 0.6421875 0.1712962962962963 0.021875 0.031481481481481485
