0 0.5963541666666666 0.2657407407407408 0.051041666666666666 0.053703703703703705
0 0.2708333333333333 0.9027777777777778 0.24375 0.19444444444444445
0 0.4552083333333333 0.26944444444444443 0.058333333333333334 0.0462962962962963
0 0.81875 0.7342592592592593 0.11041666666666666 0.20555555555555557
0 0.7416666666666667 0.3111111111111111 0.052083333333333336 0.06666666666666667
0 0.9729166666666667 0.7111111111111111 0.05416666666666667 0.1814814814814815
4 0.05 0.5787037037037037 0.09791666666666667 0.29814814814814816
0 0.6083333333333333 0.21851851851851853 0.041666666666666664 0.040740740740740744
0 0.8104166666666667 0.2175925925925926 0.03125 0.04259259259259259
0 0.9307291666666666 0.13240740740740742 0.017708333333333333 0.02777777777777778
0 0.9083333333333333 0.23981481481481481 0.03333333333333333 0.05
0 0.8984375 0.14074074074074075 0.017708333333333333 0.02592592592592593
0 0.8588541666666667 0.17314814814814816 0.02395833333333333 0.03518518518518519
0 0.8072916666666666 0.30462962962962964 0.052083333333333336 0.06851851851851852
0 0.07552083333333333 0.10648148148148148 0.084375 0.031481481481481485
0 0.715625 0.17962962962962964 0.029166666666666667 0.03333333333333333
0 0.7395833333333334 0.1851851851851852 0.03125 0.03333333333333333
3 0.4640625 0.325 0.109375 0.1277777777777778
4 0.4041666666666667 0.04166666666666667 0.10833333333333334 0.061111111111111116
0 0.6765625 0.17592592592592593 0.026041666666666668 0.03333333333333333
0 0.8171875 0.11203703703703705 0.017708333333333333 0.016666666666666666
0 0.7854166666666667 0.12037037037037038 0.016666666666666666 0.022222222222222223
0 0.8817708333333333 0.12222222222222223 0.013541666666666667 0.018518518518518517
0 0.7541666666666667 0.1564814814814815 0.025 0.02777777777777778
0 0.9630208333333333 0.10740740740740741 0.015625 0.022222222222222223
3 0.7244791666666667 0.1462962962962963 0.026041666666666668 0.03333333333333333
3 0.040625 0.08055555555555556 0.07916666666666666 0.07222222222222223
0 0.8130208333333333 0.10833333333333334 0.02395833333333333 0.020370370370370372
3 0.6989583333333333 0.14166666666666666 0.029166666666666667 0.04259259259259259
4 0.3536458333333333 0.04259259259259259 0.146875 0.07407407407407407
0 0.009375 0.11296296296296297 0.01875 0.02962962962962963
0 0.6213541666666667 0.18796296296296297 0.028125 0.03888888888888889
