4 0.47812499999999997 0.2351851851851852 0.24166666666666667 0.1851851851851852
0 0.6541666666666667 0.7083333333333334 0.25625 0.28703703703703703
4 0.078125 0.4361111111111111 0.15625 0.3092592592592593
0 0.32135416666666666 0.5972222222222222 0.15520833333333334 0.21296296296296297
0 0.4708333333333333 0.33055555555555555 0.10208333333333333 0.08703703703703704
0 0.6708333333333333 0.4898148148148148 0.19583333333333333 0.1425925925925926
0 0.17239583333333333 0.28703703703703703 0.057291666666666664 0.07407407407407407
0 0.25885416666666666 0.21574074074074076 0.05520833333333333 0.06481481481481481
0 0.13072916666666667 0.33333333333333337 0.059375 0.08148148148148149
0 0.09166666666666666 0.2388888888888889 0.035416666666666666 0.04814814814814815
5 0.653125 0.2638888888888889 0.014583333333333334 0.07222222222222223
0 0.8890625 0.2675925925925926 0.103125 0.061111111111111116
0 0.14375 0.19074074074074074 0.027083333333333334 0.03333333333333333
0 0.18802083333333333 0.22037037037037038 0.042708333333333334 0.044444444444444446
4 0.9734375 0.17407407407407408 0.051041666666666666 0.08148148148148149
0 0.753125 0.23981481481481481 0.1 0.07592592592592592
0 0.07395833333333333 0.20092592592592592 0.029166666666666667 0.04259259259259259
0 0.31197916666666664 0.1527777777777778 0.036458333333333336 0.03518518518518519
5 0.609375 0.24537037037037038 0.01875 0.07962962962962963
0 0.5088541666666666 0.11388888888888889 0.06145833333333333 0.03888888888888889
0 0.034895833333333334 0.20462962962962963 0.030208333333333334 0.05740740740740741
0 0.008854166666666666 0.17500000000000002 0.017708333333333333 0.024074074074074074
0 0.13072916666666667 0.16018518518518518 0.021875 0.02777777777777778
0 0.08802083333333333 0.1638888888888889 0.021875 0.02777777777777778
0 0.21562499999999998 0.1638888888888889 0.03125 0.031481481481481485
0 0.32916666666666666 0.15 0.07291666666666667 0.040740740740740744
0 0.0109375 0.15092592592592594 0.019791666666666666 0.020370370370370372
