0 0.29322916666666665 0.4064814814814815 0.11979166666666667 0.11296296296296297
0 0.309375 0.28611111111111115 0.08541666666666667 0.07962962962962963
0 0.8609375 0.11944444444444445 0.034375 0.04259259259259259
0 0.4947916666666667 0.16574074074074074 0.04791666666666666 0.05
0 0.5348958333333333 0.1675925925925926 0.051041666666666666 0.06481481481481481
0 0.8979166666666667 0.1787037037037037 0.0375 0.061111111111111116
0 0.7979166666666666 0.2240740740740741 0.05 0.06666666666666667
0 0.9609375 0.18796296296296297 0.040625 0.061111111111111116
0 0.271875 0.5120370370370371 0.15208333333333332 0.1685185185185185
0 0.56875 0.18425925925925926 0.05625 0.07222222222222223
0 0.8052083333333333 0.12222222222222223 0.03125 0.044444444444444446
0 0.875 0.06944444444444445 0.020833333333333332 0.031481481481481485
4 0.9578125 0.7231481481481482 0.08229166666666667 0.2537037037037037
0 0.9229166666666666 0.05185185185185186 0.020833333333333332 0.02962962962962963
0 0.6463541666666667 0.12314814814814816 0.036458333333333336 0.05
0 0.8604166666666666 0.040740740740740744 0.016666666666666666 0.022222222222222223
0 0.896875 0.03518518518518519 0.020833333333333332 0.02592592592592593
0 0.6848958333333334 0.13796296296296298 0.03854166666666667 0.0462962962962963
0 0.6026041666666666 0.10648148148148148 0.034375 0.03888888888888889
0 0.9385416666666666 0.011111111111111112 0.016666666666666666 0.022222222222222223
0 0.7708333333333334 0.0638888888888889 0.022916666666666665 0.02777777777777778
0 0.8192708333333333 0.015740740740740743 0.015625 0.020370370370370372
0 0.7453125 0.04166666666666667 0.021875 0.02777777777777778
3 0.7145833333333333 0.07592592592592592 0.027083333333333334 0.04814814814814815
0 0.7703125 0.02592592592592593 0.017708333333333333 0.018518518518518517
