0 0.6552083333333333 0.4046296296296297 0.14583333333333334 0.13148148148148148
4 0.47604166666666664 0.2351851851851852 0.24375 0.1851851851851852
4 0.10677083333333333 0.5120370370370371 0.21145833333333333 0.40555555555555556
0 0.346875 0.6546296296296297 0.16041666666666665 0.2351851851851852
0 0.45677083333333335 0.5398148148148149 0.165625 0.19814814814814816
0 0.2953125 0.2740740740740741 0.065625 0.06666666666666667
0 0.16458333333333333 0.3194444444444445 0.0625 0.08333333333333334
0 0.2484375 0.22037037037037038 0.046875 0.05185185185185186
0 0.06041666666666667 0.25277777777777777 0.0375 0.053703703703703705
0 0.021354166666666667 0.1925925925925926 0.028125 0.03333333333333333
0 0.0265625 0.16203703703703703 0.019791666666666666 0.024074074074074074
0 0.06510416666666667 0.21296296296296297 0.03229166666666666 0.037037037037037035
0 0.09583333333333333 0.16481481481481483 0.022916666666666665 0.02592592592592593
5 0.6354166666666666 0.26296296296296295 0.014583333333333334 0.07037037037037037
0 0.12552083333333333 0.2490740740740741 0.04479166666666667 0.061111111111111116
3 0.7802083333333333 0.24629629629629632 0.16041666666666665 0.08888888888888889
0 0.8963541666666667 0.2777777777777778 0.11354166666666667 0.08148148148148149
0 0.12343749999999999 0.1824074074074074 0.02395833333333333 0.031481481481481485
3 0.9723958333333333 0.17685185185185187 0.053125 0.07962962962962963
3 0.16822916666666665 0.17037037037037037 0.034375 0.044444444444444446
0 0.5005208333333333 0.11296296296296297 0.04895833333333333 0.040740740740740744
0 0.2140625 0.16203703703703703 0.028125 0.03518518518518519
0 0.06666666666666667 0.14722222222222223 0.01875 0.024074074074074074
