4 0.6161458333333333 0.225 0.26979166666666665 0.2240740740740741
0 0.5822916666666667 0.6842592592592592 0.2520833333333333 0.2796296296296296
4 0.3286458333333333 0.18333333333333335 0.09895833333333333 0.11481481481481481
0 0.06354166666666666 0.17500000000000002 0.03125 0.04259259259259259
0 0.8854166666666666 0.21944444444444444 0.0875 0.053703703703703705
0 0.11510416666666666 0.10648148148148148 0.030208333333333334 0.03518518518518519
0 0.8895833333333333 0.4777777777777778 0.22083333333333333 0.24814814814814815
0 0.18645833333333334 0.25462962962962965 0.06666666666666667 0.09074074074074075
0 0.8244791666666667 0.11851851851851852 0.057291666666666664 0.05555555555555556
0 0.4197916666666667 0.1212962962962963 0.04791666666666666 0.03888888888888889
0 0.9786458333333333 0.13055555555555556 0.042708333333333334 0.07962962962962963
0 0.5145833333333333 0.06666666666666667 0.06666666666666667 0.037037037037037035
0 0.0328125 0.0712962962962963 0.030208333333333334 0.024074074074074074
