0 0.8135416666666666 0.5 0.09166666666666666 0.14814814814814814
0 0.6536458333333334 0.5194444444444445 0.11562499999999999 0.17222222222222222
0 0.024479166666666666 0.4620370370370371 0.04895833333333333 0.09444444444444444
0 0.5239583333333333 0.18611111111111112 0.052083333333333336 0.053703703703703705
0 0.41041666666666665 0.3 0.08125 0.1
0 0.5963541666666666 0.2138888888888889 0.057291666666666664 0.06481481481481481
0 0.07916666666666666 0.6907407407407408 0.15625 0.22592592592592595
0 0.8302083333333333 0.16296296296296298 0.03958333333333333 0.05185185185185186
0 0.7598958333333333 0.18055555555555555 0.04479166666666667 0.053703703703703705
0 0.8697916666666666 0.2240740740740741 0.05416666666666667 0.08888888888888889
0 0.8046875 0.11851851851851852 0.030208333333333334 0.040740740740740744
4 0.9562499999999999 0.6407407407407407 0.0875 0.2
0 0.8786458333333333 0.05740740740740741 0.019791666666666666 0.02962962962962963
0 0.9223958333333333 0.05648148148148149 0.021875 0.031481481481481485
0 0.9541666666666666 0.03518518518518519 0.01875 0.02592592592592593
0 0.8677083333333333 0.037037037037037035 0.016666666666666666 0.018518518518518517
0 0.6166666666666667 0.11944444444444445 0.041666666666666664 0.05
0 0.9546875 0.09351851851851853 0.026041666666666668 0.03888888888888889
0 0.76875 0.036111111111111115 0.01875 0.020370370370370372
0 0.007291666666666667 0.6231481481481481 0.014583333333333334 0.07592592592592592
0 0.9125 0.026851851851851852 0.016666666666666666 0.020370370370370372
0 0.6401041666666667 0.0925925925925926 0.028125 0.03333333333333333
0 0.7515625 0.07407407407407407 0.026041666666666668 0.03333333333333333
