4 0.5296875 0.19074074074074074 0.21562499999999998 0.1925925925925926
0 0.17395833333333333 0.2962962962962963 0.06666666666666667 0.0925925925925926
4 0.1640625 0.11851851851851852 0.042708333333333334 0.05925925925925926
0 0.8921875 0.21851851851851853 0.090625 0.05185185185185186
0 0.2859375 0.17962962962962964 0.06145833333333333 0.07407407407407407
0 0.7697916666666667 0.19351851851851853 0.11458333333333333 0.07962962962962963
0 0.005208333333333333 0.10925925925925926 0.010416666666666666 0.02592592592592593
0 0.9807291666666667 0.12407407407407407 0.03854166666666667 0.08148148148148149
0 0.3171875 0.10555555555555556 0.03854166666666667 0.03333333333333333
5 0.6734375 0.2212962962962963 0.015625 0.06851851851851852
0 0.5036458333333333 0.06481481481481481 0.034375 0.037037037037037035
0 0.036458333333333336 0.06759259259259259 0.03333333333333333 0.020370370370370372
0 0.08177083333333333 0.08981481481481482 0.017708333333333333 0.02777777777777778
0 0.9171874999999999 0.22962962962962963 0.134375 0.0925925925925926
0 0.4171875 0.12037037037037038 0.04479166666666667 0.040740740740740744
0 0.5333333333333333 0.06574074074074074 0.05 0.031481481481481485
0 0.8276041666666667 0.11851851851851852 0.05520833333333333 0.05555555555555556
