4 0.5296875 0.19166666666666668 0.21770833333333334 0.19074074074074074
0 0.19583333333333333 0.3194444444444445 0.07291666666666667 0.10185185185185186
0 0.2661458333333333 0.17314814814814816 0.05520833333333333 0.07222222222222223
0 0.8911458333333333 0.2175925925925926 0.09270833333333334 0.05
0 0.00625 0.11203703703703705 0.0125 0.02777777777777778
5 0.6760416666666667 0.2212962962962963 0.016666666666666666 0.06851851851851852
0 0.7776041666666667 0.1953703703703704 0.13229166666666667 0.08333333333333334
0 0.1546875 0.11574074074074074 0.040625 0.05740740740740741
0 0.07916666666666666 0.08796296296296297 0.01875 0.02777777777777778
0 0.03697916666666667 0.06944444444444445 0.034375 0.024074074074074074
0 0.9807291666666667 0.12407407407407407 0.03854166666666667 0.08148148148148149
0 0.315625 0.10648148148148148 0.03333333333333333 0.031481481481481485
0 0.5151041666666667 0.06574074074074074 0.057291666666666664 0.03888888888888889
0 0.8270833333333333 0.11851851851851852 0.05416666666666667 0.05555555555555556
0 0.4171875 0.12037037037037038 0.04479166666666667 0.040740740740740744
