4 0.5307291666666667 0.19166666666666668 0.21770833333333334 0.19074074074074074
0 0.5364583333333334 0.7083333333333334 0.2375 0.29444444444444445
0 0.8927083333333333 0.21851851851851853 0.09166666666666666 0.05185185185185186
0 0.0109375 0.11944444444444445 0.021875 0.031481481481481485
0 0.7666666666666666 0.1925925925925926 0.10625 0.07777777777777778
0 0.1875 0.13703703703703704 0.0375 0.05185185185185186
0 0.06510416666666667 0.08611111111111111 0.017708333333333333 0.020370370370370372
0 0.11822916666666666 0.1 0.03229166666666666 0.044444444444444446
5 0.03177083333333333 0.7324074074074074 0.06354166666666666 0.12407407407407407
0 0.9130208333333333 0.22962962962962963 0.12604166666666666 0.08888888888888889
0 0.98125 0.125 0.0375 0.07962962962962963
5 0.6916666666666667 0.22685185185185186 0.0125 0.06851851851851852
0 0.3203125 0.10277777777777779 0.03854166666666667 0.03518518518518519
0 0.0390625 0.06851851851851852 0.026041666666666668 0.022222222222222223
