0 0.26927083333333335 0.4287037037037037 0.10104166666666667 0.07592592592592592
4 0.9619791666666666 0.2888888888888889 0.06354166666666666 0.11111111111111112
0 0.17552083333333332 0.412962962962963 0.059375 0.05925925925925926
0 0.5328125 0.3194444444444445 0.051041666666666666 0.0462962962962963
0 0.35625 0.38981481481481484 0.08125 0.07962962962962963
0 0.6140625 0.2888888888888889 0.04479166666666667 0.040740740740740744
0 0.5765625 0.3037037037037037 0.04895833333333333 0.044444444444444446
0 0.6453125 0.275 0.03229166666666666 0.03518518518518519
0 0.8932291666666666 0.21944444444444444 0.019791666666666666 0.031481481481481485
3 0.4119791666666667 0.35370370370370374 0.078125 0.08148148148148149
0 0.8598958333333333 0.19444444444444445 0.036458333333333336 0.02962962962962963
