0 0.48333333333333334 0.4990740740740741 0.06666666666666667 0.12037037037037038
0 0.3885416666666667 0.4620370370370371 0.06458333333333333 0.10185185185185186
0 0.5119791666666667 0.36388888888888893 0.04479166666666667 0.07222222222222223
0 0.928125 0.3648148148148148 0.05625 0.06296296296296297
3 0.0359375 0.4527777777777778 0.071875 0.09444444444444444
5 0.9104166666666667 0.4175925925925926 0.01875 0.07222222222222223
0 0.5119791666666667 0.23611111111111113 0.021875 0.031481481481481485
5 0.9557291666666666 0.4101851851851852 0.026041666666666668 0.07222222222222223
0 0.23385416666666667 0.35000000000000003 0.04895833333333333 0.05925925925925926
0 0.54375 0.22685185185185186 0.025 0.02777777777777778
0 0.6557291666666667 0.23333333333333334 0.028125 0.03333333333333333
5 0.18854166666666666 0.44351851851851853 0.020833333333333332 0.061111111111111116
5 0.1546875 0.44537037037037036 0.021875 0.06481481481481481
5 0.12395833333333334 0.40185185185185185 0.014583333333333334 0.044444444444444446
0 0.5765625 0.18796296296296297 0.021875 0.02777777777777778
5 0.1796875 0.3703703703703704 0.015625 0.04814814814814815
