0 0.6890625 0.3574074074074074 0.08229166666666667 0.13333333333333333
0 0.4817708333333333 0.15925925925925927 0.042708333333333334 0.07037037037037037
0 0.6817708333333333 0.23333333333333334 0.065625 0.08148148148148149
0 0.5796875 0.1212962962962963 0.040625 0.05740740740740741
0 0.096875 0.2518518518518519 0.058333333333333334 0.08148148148148149
0 0.359375 0.1675925925925926 0.07916666666666666 0.07222222222222223
0 0.80625 0.5212962962962964 0.14791666666666667 0.20555555555555557
0 0.7432291666666666 0.1925925925925926 0.051041666666666666 0.07777777777777778
0 0.39479166666666665 0.14351851851851852 0.04791666666666666 0.06481481481481481
0 0.020833333333333332 0.25 0.041666666666666664 0.08518518518518518
0 0.5666666666666667 0.0712962962962963 0.03125 0.0462962962962963
0 0.9619791666666666 0.1462962962962963 0.07395833333333333 0.06296296296296297
0 0.28072916666666664 0.1925925925925926 0.084375 0.0925925925925926
0 0.4614583333333333 0.07592592592592592 0.029166666666666667 0.044444444444444446
0 0.5984375 0.22037037037037038 0.059375 0.10740740740740741
5 0.08385416666666666 0.18796296296296297 0.017708333333333333 0.0462962962962963
0 0.5833333333333334 0.015740740740740743 0.025 0.031481481481481485
5 0.8328125 0.17962962962962964 0.019791666666666666 0.08148148148148149
0 0.98125 0.20555555555555557 0.0375 0.11111111111111112
3 0.059375 0.15925925925925927 0.06041666666666667 0.07037037037037037
5 0.85 0.1824074074074074 0.020833333333333332 0.07962962962962963
0 0.6135416666666667 0.053703703703703705 0.029166666666666667 0.037037037037037035
3 0.1390625 0.16296296296296298 0.057291666666666664 0.06296296296296297
3 0.8901041666666667 0.1287037037037037 0.057291666666666664 0.07592592592592592
5 0.0125 0.2925925925925926 0.022916666666666665 0.07037037037037037
0 0.5552083333333333 0.02314814814814815 0.025 0.04259259259259259
