0 0.6880208333333333 0.3472222222222222 0.078125 0.13148148148148148
0 0.6796875 0.23055555555555557 0.06354166666666666 0.08333333333333334
0 0.09583333333333333 0.2537037037037037 0.06041666666666667 0.08148148148148149
0 0.020833333333333332 0.2490740740740741 0.041666666666666664 0.08333333333333334
0 0.48072916666666665 0.1638888888888889 0.04479166666666667 0.07222222222222223
0 0.74375 0.19074074074074074 0.05 0.07777777777777778
0 0.7963541666666667 0.5037037037037038 0.14270833333333333 0.20370370370370372
0 0.5791666666666666 0.12037037037037038 0.03958333333333333 0.05555555555555556
0 0.35885416666666664 0.1685185185185185 0.08020833333333333 0.07407407407407407
0 0.9619791666666666 0.1462962962962963 0.07395833333333333 0.06296296296296297
5 0.08489583333333334 0.18796296296296297 0.017708333333333333 0.0462962962962963
5 0.85 0.18425925925925926 0.022916666666666665 0.07962962962962963
0 0.5666666666666667 0.06944444444444445 0.03125 0.05
5 0.010416666666666666 0.2935185185185185 0.020833333333333332 0.07222222222222223
0 0.5963541666666666 0.2175925925925926 0.059375 0.10185185185185186
5 0.8328125 0.17962962962962964 0.019791666666666666 0.08148148148148149
0 0.39479166666666665 0.14351851851851852 0.04791666666666666 0.06481481481481481
0 0.46249999999999997 0.07777777777777778 0.029166666666666667 0.044444444444444446
0 0.6125 0.05277777777777778 0.027083333333333334 0.03888888888888889
0 0.5833333333333334 0.015740740740740743 0.025 0.031481481481481485
0 0.28072916666666664 0.19351851851851853 0.084375 0.09444444444444444
3 0.0546875 0.16018518518518518 0.053125 0.06851851851851852
3 0.1390625 0.1638888888888889 0.057291666666666664 0.05740740740740741
0 0.9791666666666666 0.2064814814814815 0.041666666666666664 0.10925925925925926
3 0.8916666666666666 0.1287037037037037 0.05416666666666667 0.07592592592592592
0 0.5557291666666666 0.024074074074074074 0.02395833333333333 0.040740740740740744
