0 0.6875 0.3388888888888889 0.07708333333333334 0.13333333333333333
0 0.6776041666666667 0.22962962962962963 0.06145833333333333 0.08518518518518518
0 0.48020833333333335 0.16574074074074074 0.04583333333333333 0.07592592592592592
0 0.5786458333333333 0.11851851851851852 0.03854166666666667 0.05925925925925926
0 0.020833333333333332 0.2490740740740741 0.041666666666666664 0.08333333333333334
0 0.09479166666666666 0.25277777777777777 0.06041666666666667 0.08333333333333334
0 0.74375 0.18888888888888888 0.05 0.08148148148148149
0 0.9619791666666666 0.14722222222222223 0.07395833333333333 0.061111111111111116
0 0.35885416666666664 0.1685185185185185 0.08020833333333333 0.07407407407407407
5 0.009895833333333333 0.29444444444444445 0.019791666666666666 0.07777777777777778
5 0.8505208333333333 0.1824074074074074 0.02395833333333333 0.07962962962962963
0 0.7916666666666666 0.4953703703703704 0.13958333333333334 0.19444444444444445
0 0.5963541666666666 0.2175925925925926 0.059375 0.10185185185185186
0 0.5666666666666667 0.06851851851851852 0.03125 0.04814814814814815
5 0.08489583333333334 0.18611111111111112 0.017708333333333333 0.0462962962962963
0 0.46197916666666666 0.07777777777777778 0.030208333333333334 0.044444444444444446
0 0.28125 0.19444444444444445 0.08541666666666667 0.0962962962962963
0 0.5828125 0.015740740740740743 0.026041666666666668 0.031481481481481485
5 0.8328125 0.17962962962962964 0.019791666666666666 0.08148148148148149
0 0.39375 0.14351851851851852 0.04791666666666666 0.06481481481481481
5 0.9614583333333333 0.2175925925925926 0.022916666666666665 0.07592592592592592
3 0.058333333333333334 0.16111111111111112 0.06041666666666667 0.07037037037037037
0 0.6125 0.05277777777777778 0.027083333333333334 0.03888888888888889
3 0.13854166666666667 0.1638888888888889 0.058333333333333334 0.061111111111111116
3 0.8916666666666666 0.12962962962962962 0.05416666666666667 0.07407407407407407
0 0.5557291666666666 0.021296296296296296 0.02395833333333333 0.04259259259259259
0 0.9838541666666667 0.20277777777777778 0.03229166666666666 0.10555555555555556
