0 0.6614583333333334 0.37962962962962965 0.075 0.08148148148148149
0 0.2625 0.5740740740740741 0.16875 0.1925925925925926
0 0.26875 0.41481481481481486 0.09583333333333333 0.07407407407407407
0 0.7182291666666667 0.5370370370370371 0.07395833333333333 0.12962962962962962
0 0.3541666666666667 0.3768518518518519 0.08333333333333333 0.07592592592592592
0 0.5354166666666667 0.3055555555555556 0.052083333333333336 0.044444444444444446
5 0.010416666666666666 0.41481481481481486 0.01875 0.06296296296296297
0 0.9104166666666667 0.2 0.01875 0.022222222222222223
0 0.178125 0.4 0.06041666666666667 0.06296296296296297
4 0.9869791666666666 0.20740740740740743 0.026041666666666668 0.06666666666666667
0 0.5776041666666667 0.2925925925925926 0.04479166666666667 0.044444444444444446
0 0.6145833333333334 0.27592592592592596 0.041666666666666664 0.040740740740740744
0 0.4166666666666667 0.3388888888888889 0.07291666666666667 0.08148148148148149
0 0.8619791666666666 0.18055555555555555 0.034375 0.02777777777777778
0 0.646875 0.2638888888888889 0.035416666666666666 0.03518518518518519
0 0.9473958333333333 0.18611111111111112 0.015625 0.020370370370370372
