0 0.6557291666666667 0.3842592592592593 0.07604166666666666 0.08333333333333334
0 0.26979166666666665 0.41481481481481486 0.09791666666666667 0.07777777777777778
0 0.24687499999999998 0.5842592592592593 0.17291666666666666 0.19074074074074074
0 0.5354166666666667 0.3055555555555556 0.052083333333333336 0.044444444444444446
0 0.3541666666666667 0.3768518518518519 0.08333333333333333 0.07592592592592592
0 0.7208333333333333 0.525 0.06875 0.13148148148148148
0 0.17708333333333334 0.4 0.06041666666666667 0.06296296296296297
5 0.010416666666666666 0.41574074074074074 0.01875 0.061111111111111116
0 0.5770833333333333 0.2925925925925926 0.04375 0.044444444444444446
0 0.9093749999999999 0.2 0.01875 0.022222222222222223
0 0.6151041666666667 0.27592592592592596 0.042708333333333334 0.040740740740740744
0 0.8619791666666666 0.18055555555555555 0.034375 0.02777777777777778
4 0.9869791666666666 0.20740740740740743 0.026041666666666668 0.06296296296296297
0 0.646875 0.26296296296296295 0.035416666666666666 0.037037037037037035
3 0.41562499999999997 0.3388888888888889 0.075 0.08148148148148149
0 0.9463541666666666 0.18703703703703706 0.015625 0.022222222222222223
0 0.9291666666666667 0.16018518518518518 0.025 0.016666666666666666
0 0.9609375 0.16944444444444445 0.013541666666666667 0.016666666666666666
