0 0.21302083333333333 0.6037037037037037 0.18645833333333334 0.20370370370370372
0 0.26927083333333335 0.41481481481481486 0.096875 0.07407407407407407
0 0.6432291666666666 0.3925925925925926 0.078125 0.08518518518518518
0 0.5348958333333333 0.3055555555555556 0.051041666666666666 0.044444444444444446
0 0.3536458333333333 0.3768518518518519 0.08229166666666667 0.07592592592592592
0 0.9083333333333333 0.2 0.01875 0.022222222222222223
5 0.009895833333333333 0.4166666666666667 0.017708333333333333 0.05925925925925926
0 0.728125 0.513888888888889 0.058333333333333334 0.12407407407407407
0 0.17760416666666667 0.4 0.059375 0.06296296296296297
0 0.5786458333333333 0.29074074074074074 0.046875 0.044444444444444446
0 0.6145833333333334 0.275 0.03958333333333333 0.03888888888888889
4 0.9869791666666666 0.2064814814814815 0.026041666666666668 0.061111111111111116
0 0.9442708333333333 0.18888888888888888 0.017708333333333333 0.018518518518518517
0 0.6447916666666667 0.26296296296296295 0.03125 0.037037037037037035
0 0.8619791666666666 0.18055555555555555 0.03229166666666666 0.02777777777777778
3 0.41562499999999997 0.3388888888888889 0.075 0.08148148148148149
0 0.9609375 0.16944444444444445 0.013541666666666667 0.016666666666666666
1 0.03333333333333333 0.35833333333333334 0.020833333333333332 0.05740740740740741
1 0.9921875 0.10833333333333334 0.015625 0.03518518518518519
