0 0.1046875 0.6731481481481482 0.209375 0.2425925925925926
0 0.6046875 0.4175925925925926 0.09270833333333334 0.09444444444444444
0 0.26927083333333335 0.412962962962963 0.096875 0.07777777777777778
0 0.3536458333333333 0.37592592592592594 0.08229166666666667 0.07777777777777778
0 0.5338541666666666 0.3037037037037037 0.04895833333333333 0.044444444444444446
0 0.17708333333333334 0.39814814814814814 0.06041666666666667 0.06296296296296297
0 0.7729166666666667 0.4851851851851852 0.09375 0.11111111111111112
0 0.9036458333333334 0.20185185185185187 0.019791666666666666 0.022222222222222223
0 0.5770833333333333 0.29074074074074074 0.04583333333333333 0.044444444444444446
4 0.9869791666666666 0.20462962962962963 0.026041666666666668 0.061111111111111116
0 0.6140625 0.275 0.040625 0.03888888888888889
5 0.009375 0.41111111111111115 0.016666666666666666 0.05555555555555556
0 0.8619791666666666 0.17962962962962964 0.034375 0.02592592592592593
0 0.6458333333333334 0.26203703703703707 0.035416666666666666 0.03888888888888889
0 0.41510416666666666 0.3388888888888889 0.07395833333333333 0.08148148148148149
0 0.9255208333333333 0.15925925925925927 0.028125 0.018518518518518517
0 0.9572916666666667 0.1675925925925926 0.014583333333333334 0.016666666666666666
1 0.03333333333333333 0.3564814814814815 0.020833333333333332 0.05740740740740741
1 0.9916666666666667 0.11018518518518519 0.016666666666666666 0.0462962962962963
