0 0.18645833333333334 0.23425925925925928 0.13541666666666666 0.10185185185185186
0 0.05 0.2555555555555556 0.09791666666666667 0.0962962962962963
5 0.6739583333333333 0.2175925925925926 0.025 0.08333333333333334
5 0.6411458333333333 0.22777777777777777 0.019791666666666666 0.08888888888888889
0 0.8703124999999999 0.14351851851851852 0.06145833333333333 0.05
0 0.3338541666666667 0.225 0.13854166666666667 0.06481481481481481
0 0.9802083333333333 0.12962962962962962 0.03958333333333333 0.044444444444444446
0 0.5671875 0.16944444444444445 0.078125 0.08333333333333334
0 0.46041666666666664 0.09722222222222222 0.0625 0.061111111111111116
5 0.6286458333333333 0.22685185185185186 0.021875 0.09074074074074075
0 0.16458333333333333 0.1787037037037037 0.11666666666666667 0.07592592592592592
5 0.665625 0.22037037037037038 0.020833333333333332 0.08518518518518518
0 0.9197916666666667 0.13518518518518519 0.04583333333333333 0.04814814814814815
