0 0.05677083333333333 0.26296296296296295 0.11354166666666667 0.0962962962962963
0 0.2015625 0.2425925925925926 0.13854166666666667 0.1
5 0.6848958333333334 0.22777777777777777 0.026041666666666668 0.0925925925925926
5 0.6411458333333333 0.2351851851851852 0.021875 0.08518518518518518
0 0.9609375 0.33425925925925926 0.078125 0.11296296296296297
0 0.4692708333333333 0.10370370370370371 0.053125 0.05925925925925926
0 0.5796875 0.17777777777777778 0.08229166666666667 0.07777777777777778
0 0.18020833333333333 0.18981481481481483 0.11875 0.06851851851851852
5 0.6541666666666667 0.23333333333333334 0.016666666666666666 0.08518518518518518
0 0.890625 0.14814814814814814 0.07291666666666667 0.05185185185185186
0 0.8296875 0.7861111111111111 0.340625 0.4277777777777778
