0 0.4890625 0.30648148148148147 0.09270833333333334 0.1425925925925926
0 0.31614583333333335 0.11388888888888889 0.07604166666666666 0.10925925925925926
0 0.7291666666666666 0.7824074074074074 0.15 0.2537037037037037
0 0.034895833333333334 0.11296296296296297 0.06979166666666667 0.11481481481481481
0 0.8786458333333333 0.5268518518518519 0.13854166666666667 0.19074074074074074
0 0.6625 0.375 0.10833333333333334 0.16481481481481483
0 0.4036458333333333 0.20092592592592592 0.090625 0.1462962962962963
0 0.7536458333333333 0.15092592592592594 0.084375 0.12407407407407407
0 0.6270833333333333 0.031481481481481485 0.05625 0.06296296296296297
0 0.14427083333333332 0.06574074074074074 0.08020833333333333 0.12407407407407407
