0 0.05572916666666666 0.2574074074074074 0.11145833333333333 0.0962962962962963
0 0.19947916666666665 0.24074074074074076 0.13645833333333332 0.1
0 0.16041666666666665 0.6064814814814815 0.31666666666666665 0.25
0 0.90625 0.5796296296296296 0.1875 0.20740740740740743
5 0.6395833333333333 0.2425925925925926 0.025 0.0925925925925926
5 0.68125 0.23425925925925928 0.020833333333333332 0.08703703703703704
0 0.17864583333333334 0.18796296296296297 0.121875 0.06851851851851852
0 0.5807291666666666 0.18333333333333335 0.07604166666666666 0.07777777777777778
0 0.8828125 0.15833333333333333 0.06145833333333333 0.05
0 0.34010416666666665 0.23333333333333334 0.134375 0.06296296296296297
5 0.9911458333333333 0.08981481481481482 0.017708333333333333 0.05
8 0.9864583333333333 0.16574074074074074 0.027083333333333334 0.053703703703703705
0 0.9302083333333333 0.15092592592592594 0.05416666666666667 0.053703703703703705
0 0.5135416666666667 0.10740740740740741 0.041666666666666664 0.05185185185185186
5 0.6625 0.23796296296296296 0.058333333333333334 0.09074074074074075
0 0.4661458333333333 0.10740740740740741 0.059375 0.05925925925925926
