0 0.5916666666666667 0.8546296296296296 0.30833333333333335 0.29074074074074074
0 0.9578125 0.44722222222222224 0.084375 0.08333333333333334
0 0.3541666666666667 0.30092592592592593 0.08958333333333333 0.061111111111111116
0 0.1546875 0.2777777777777778 0.06770833333333333 0.05185185185185186
0 0.10104166666666667 0.2240740740740741 0.04791666666666666 0.04814814814814815
0 0.011458333333333333 0.362962962962963 0.022916666666666665 0.07037037037037037
0 0.9635416666666666 0.6046296296296296 0.07291666666666667 0.13148148148148148
0 0.11145833333333333 0.8018518518518519 0.16041666666666665 0.22222222222222224
3 0.5677083333333334 0.29814814814814816 0.12083333333333333 0.11851851851851852
0 0.7270833333333333 0.4305555555555556 0.14166666666666666 0.09074074074074075
