0 0.7427083333333333 0.7648148148148148 0.26666666666666666 0.2740740740740741
0 0.19479166666666667 0.6472222222222223 0.16875 0.18333333333333335
0 0.37135416666666665 0.35833333333333334 0.09895833333333333 0.06851851851851852
0 0.146875 0.4620370370370371 0.11458333333333333 0.11296296296296297
0 0.7166666666666667 0.4027777777777778 0.14166666666666666 0.10555555555555556
0 0.017708333333333333 0.24629629629629632 0.035416666666666666 0.040740740740740744
0 0.9895833333333334 0.5453703703703704 0.020833333333333332 0.07592592592592592
0 0.2109375 0.29444444444444445 0.07395833333333333 0.05555555555555556
0 0.13645833333333332 0.2953703703703704 0.06041666666666667 0.0462962962962963
6 0.18854166666666666 0.25462962962962965 0.058333333333333334 0.05
