4 0.9010416666666666 0.21296296296296297 0.19583333333333333 0.42962962962962964
0 0.4791666666666667 0.1685185185185185 0.075 0.12962962962962962
0 0.184375 0.5518518518518519 0.17708333333333334 0.2851851851851852
0 0.6286458333333333 0.15925925925925927 0.07604166666666666 0.11851851851851852
3 0.36666666666666664 0.14537037037037037 0.08541666666666667 0.17962962962962964
0 0.35 0.07407407407407407 0.05625 0.08518518518518518
5 0.0234375 0.3351851851851852 0.040625 0.16296296296296298
5 0.03958333333333333 0.2833333333333333 0.022916666666666665 0.11851851851851852
0 0.28229166666666666 0.9046296296296297 0.22083333333333333 0.19074074074074074
0 0.740625 0.14907407407407408 0.08333333333333333 0.13148148148148148
