0 0.7197916666666666 0.3842592592592593 0.13125 0.12407407407407407
0 0.3625 0.725 0.23958333333333334 0.21296296296296297
0 0.31979166666666664 0.3231481481481482 0.075 0.06481481481481481
0 0.6578125 0.13240740740740742 0.051041666666666666 0.0462962962962963
0 0.5661458333333333 0.25 0.06770833333333333 0.05925925925925926
0 0.7875 0.08611111111111111 0.04375 0.031481481481481485
0 0.6942708333333333 0.2388888888888889 0.06145833333333333 0.05925925925925926
0 0.9390625 0.18333333333333335 0.071875 0.08518518518518518
0 0.9583333333333334 0.02592592592592593 0.035416666666666666 0.037037037037037035
0 0.8604166666666666 0.13240740740740742 0.04375 0.04259259259259259
3 0.7109375 0.10555555555555556 0.051041666666666666 0.08148148148148149
3 0.11979166666666667 0.17962962962962964 0.09583333333333333 0.11851851851851852
0 0.24375 0.15462962962962964 0.06041666666666667 0.061111111111111116
0 0.3875 0.10277777777777779 0.06041666666666667 0.04259259259259259
0 0.5203125 0.049074074074074076 0.040625 0.03518518518518519
0 0.5921875 0.015740740740740743 0.03229166666666666 0.031481481481481485
0 0.02395833333333333 0.23796296296296296 0.04791666666666666 0.0462962962962963
0 0.0375 0.21481481481481482 0.0625 0.06296296296296297
4 0.05625 0.17500000000000002 0.11041666666666666 0.07962962962962963
