4 0.8890625 0.1712962962962963 0.21562499999999998 0.3425925925925926
0 0.3651041666666667 0.032407407407407406 0.04479166666666667 0.06481481481481481
4 0.9786458333333333 0.2555555555555556 0.042708333333333334 0.43333333333333335
5 0.0171875 0.3388888888888889 0.034375 0.15925925925925927
5 0.028125 0.2888888888888889 0.029166666666666667 0.12962962962962962
0 0.4479166666666667 0.29074074074074074 0.08333333333333333 0.18888888888888888
0 0.42083333333333334 0.08055555555555556 0.06041666666666667 0.1425925925925926
0 0.12239583333333333 0.07592592592592592 0.042708333333333334 0.07407407407407407
0 0.184375 0.032407407407407406 0.052083333333333336 0.06481481481481481
0 0.02395833333333333 0.12962962962962962 0.04791666666666666 0.05555555555555556
