0 0.8822916666666667 0.1287037037037037 0.10416666666666667 0.08703703703703704
0 0.058854166666666666 0.06481481481481481 0.11770833333333333 0.11111111111111112
0 0.6963541666666666 0.2425925925925926 0.159375 0.11111111111111112
0 0.9723958333333333 0.41481481481481486 0.05520833333333333 0.14444444444444446
0 0.6880208333333333 0.7064814814814815 0.284375 0.32037037037037036
5 0.8302083333333333 0.04814814814814815 0.014583333333333334 0.06296296296296297
5 0.703125 0.075 0.020833333333333332 0.03888888888888889
0 0.15104166666666666 0.9148148148148149 0.3 0.17037037037037037
5 0.8411458333333334 0.04166666666666667 0.013541666666666667 0.05740740740740741
5 0.715625 0.044444444444444446 0.016666666666666666 0.07407407407407407
5 0.6078125 0.06666666666666667 0.021875 0.08518518518518518
5 0.5739583333333333 0.075 0.01875 0.08703703703703704
5 0.5421875 0.07407407407407407 0.017708333333333333 0.0962962962962963
5 0.5197916666666667 0.07685185185185185 0.014583333333333334 0.09814814814814815
5 0.5041666666666667 0.08425925925925926 0.014583333333333334 0.09814814814814815
5 0.4557291666666667 0.07037037037037037 0.015625 0.0925925925925926
0 0.209375 0.05555555555555556 0.15208333333333332 0.1
