0 0.8828125 0.3472222222222222 0.10729166666666666 0.12037037037037038
0 0.409375 0.6462962962962964 0.19791666666666666 0.2
0 0.3421875 0.34074074074074073 0.084375 0.07777777777777778
0 0.7776041666666667 0.3148148148148148 0.11354166666666667 0.12592592592592594
0 0.0515625 0.5 0.103125 0.0925925925925926
0 0.025520833333333333 0.637962962962963 0.051041666666666666 0.11296296296296297
0 0.571875 0.21666666666666667 0.06875 0.07407407407407407
0 0.9619791666666666 0.1462962962962963 0.07395833333333333 0.07777777777777778
0 0.033854166666666664 0.20185185185185187 0.06770833333333333 0.07037037037037037
0 0.41354166666666664 0.08611111111111111 0.052083333333333336 0.04259259259259259
0 0.8135416666666666 0.010185185185185186 0.0375 0.020370370370370372
0 0.019270833333333334 0.23425925925925928 0.03854166666666667 0.04259259259259259
0 0.21510416666666665 0.16111111111111112 0.053125 0.040740740740740744
0 0.35104166666666664 0.10925925925925926 0.05416666666666667 0.040740740740740744
0 0.7927083333333333 0.05925925925925926 0.0625 0.07037037037037037
0 0.1421875 0.18425925925925926 0.08854166666666667 0.06851851851851852
4 0.05416666666666667 0.16666666666666669 0.10833333333333334 0.08148148148148149
0 0.275 0.13796296296296298 0.075 0.05
0 0.4734375 0.06296296296296297 0.06354166666666666 0.044444444444444446
0 0.5791666666666666 0.022222222222222223 0.052083333333333336 0.037037037037037035
