0 0.4791666666666667 0.7324074074074074 0.23124999999999998 0.2240740740740741
0 0.7317708333333334 0.6731481481481482 0.178125 0.20925925925925926
0 0.5833333333333334 0.47870370370370374 0.14375 0.1425925925925926
0 0.7703125 0.05092592592592593 0.040625 0.03518518518518519
0 0.5494791666666666 0.22222222222222224 0.057291666666666664 0.06296296296296297
0 0.0328125 0.2138888888888889 0.065625 0.053703703703703705
3 0.9317708333333333 0.16481481481481483 0.08229166666666667 0.11111111111111112
3 0.1125 0.17314814814814816 0.10416666666666667 0.10925925925925926
0 0.020833333333333332 0.23796296296296296 0.041666666666666664 0.04259259259259259
0 0.20781249999999998 0.16666666666666669 0.065625 0.05185185185185186
0 0.9916666666666667 0.09814814814814815 0.016666666666666666 0.044444444444444446
4 0.29791666666666666 0.08703703703703704 0.13958333333333334 0.08888888888888889
0 0.7489583333333333 0.0962962962962963 0.04583333333333333 0.05555555555555556
0 0.8614583333333333 0.12592592592592594 0.0375 0.040740740740740744
0 0.390625 0.08981481481481482 0.058333333333333334 0.02777777777777778
0 0.3463541666666667 0.10925925925925926 0.046875 0.03333333333333333
0 0.46979166666666666 0.06574074074074074 0.041666666666666664 0.031481481481481485
0 0.5703125 0.02592592592592593 0.034375 0.040740740740740744
0 0.4395833333333333 0.06851851851851852 0.03125 0.03333333333333333
