0 0.19166666666666665 0.8453703703703704 0.2520833333333333 0.23148148148148148
3 0.6489583333333333 0.3675925925925926 0.23958333333333334 0.32407407407407407
0 0.9270833333333334 0.3768518518518519 0.1125 0.13148148148148148
0 0.46197916666666666 0.2537037037037037 0.06145833333333333 0.05925925925925926
0 0.9562499999999999 0.14722222222222223 0.06666666666666667 0.07592592592592592
0 0.06770833333333333 0.5814814814814815 0.11875 0.14814814814814814
0 0.0203125 0.24074074074074076 0.040625 0.044444444444444446
0 0.03177083333333333 0.21481481481481482 0.06354166666666666 0.05185185185185186
0 0.21666666666666667 0.16111111111111112 0.06041666666666667 0.037037037037037035
0 0.4552083333333333 0.07407407407407407 0.05 0.037037037037037035
3 0.10677083333333333 0.1564814814814815 0.096875 0.12407407407407407
0 0.5651041666666666 0.23703703703703705 0.08229166666666667 0.05925925925925926
0 0.390625 0.0925925925925926 0.06458333333333333 0.03333333333333333
0 0.17395833333333333 0.18611111111111112 0.05416666666666667 0.03888888888888889
0 0.7921875 0.07685185185185185 0.04479166666666667 0.03888888888888889
3 0.5083333333333333 0.7481481481481482 0.24375 0.3148148148148148
0 0.30885416666666665 0.11203703703703705 0.04895833333333333 0.031481481481481485
0 0.2796875 0.1388888888888889 0.051041666666666666 0.037037037037037035
0 0.3442708333333333 0.11111111111111112 0.053125 0.02962962962962963
0 0.5036458333333333 0.37777777777777777 0.06145833333333333 0.05925925925925926
