0 0.55 0.2351851851851852 0.052083333333333336 0.05185185185185186
0 0.6276041666666666 0.22037037037037038 0.04479166666666667 0.04814814814814815
0 0.7958333333333333 0.21296296296296297 0.035416666666666666 0.040740740740740744
0 0.08020833333333333 0.5305555555555556 0.1375 0.10925925925925926
0 0.8526041666666666 0.21666666666666667 0.03229166666666666 0.05185185185185186
0 0.5458333333333333 0.3148148148148148 0.07291666666666667 0.08518518518518518
0 0.8510416666666667 0.14351851851851852 0.025 0.031481481481481485
0 0.7046875 0.1638888888888889 0.028125 0.031481481481481485
0 0.6453125 0.1675925925925926 0.030208333333333334 0.03518518518518519
0 0.2765625 0.5342592592592593 0.16145833333333334 0.17592592592592593
0 0.8875 0.14166666666666666 0.029166666666666667 0.03518518518518519
0 0.3541666666666667 0.39537037037037037 0.11041666666666666 0.11296296296296297
0 0.39166666666666666 0.30092592592592593 0.05625 0.061111111111111116
0 0.12604166666666666 0.44537037037037036 0.11458333333333333 0.08703703703703704
0 0.0421875 0.6444444444444445 0.084375 0.14074074074074075
0 0.7328125 0.125 0.021875 0.02777777777777778
0 0.8651041666666667 0.4416666666666667 0.065625 0.10555555555555556
0 0.7572916666666667 0.12592592592592594 0.022916666666666665 0.02592592592592593
0 0.7807291666666667 0.12962962962962962 0.021875 0.02592592592592593
0 0.8177083333333334 0.07314814814814816 0.01875 0.016666666666666666
4 0.41875 0.030555555555555558 0.1 0.061111111111111116
4 0.04010416666666666 0.075 0.08020833333333333 0.08703703703703704
0 0.08333333333333333 0.10092592592592593 0.06458333333333333 0.04259259259259259
0 0.7197916666666666 0.9287037037037037 0.17916666666666667 0.1425925925925926
4 0.325 0.03796296296296296 0.08125 0.07592592592592592
