0 0.7067708333333333 0.287962962962963 0.059375 0.07222222222222223
0 0.034375 0.45925925925925926 0.07083333333333333 0.10740740740740741
0 0.4119791666666667 0.31574074074074077 0.078125 0.09074074074074075
0 0.8348958333333333 0.3314814814814815 0.06145833333333333 0.0925925925925926
0 0.8916666666666666 0.1277777777777778 0.029166666666666667 0.040740740740740744
0 0.4817708333333333 0.2175925925925926 0.065625 0.07592592592592592
0 0.775 0.16018518518518518 0.041666666666666664 0.053703703703703705
0 0.840625 0.13703703703703704 0.027083333333333334 0.040740740740740744
0 0.80625 0.12314814814814816 0.025 0.031481481481481485
0 0.6015625 0.1277777777777778 0.030208333333333334 0.03333333333333333
0 0.6026041666666666 0.17314814814814816 0.03854166666666667 0.04259259259259259
0 0.8661458333333333 0.0925925925925926 0.026041666666666668 0.02962962962962963
0 0.5953125 0.2240740740740741 0.046875 0.05555555555555556
0 0.915625 0.06944444444444445 0.020833333333333332 0.02777777777777778
0 0.9562499999999999 0.17685185185185187 0.0375 0.05740740740740741
0 0.6885416666666666 0.10833333333333334 0.03333333333333333 0.04259259259259259
6 0.22395833333333334 0.3990740740740741 0.05 0.03888888888888889
5 0.22760416666666666 0.3601851851851852 0.02395833333333333 0.07962962962962963
0 0.17395833333333333 0.9314814814814815 0.23333333333333334 0.13703703703703704
0 0.46770833333333334 0.9101851851851852 0.2 0.17962962962962964
0 0.9494791666666667 0.8712962962962963 0.10104166666666667 0.2574074074074074
0 0.7088541666666667 0.13240740740740742 0.030208333333333334 0.03518518518518519
0 0.7260416666666667 0.07962962962962963 0.027083333333333334 0.037037037037037035
0 0.7208333333333333 0.06296296296296297 0.016666666666666666 0.022222222222222223
0 0.7505208333333333 0.0962962962962963 0.021875 0.02962962962962963
0 0.7828125 0.053703703703703705 0.017708333333333333 0.022222222222222223
0 0.8140625 0.044444444444444446 0.015625 0.022222222222222223
0 0.803125 0.024074074074074074 0.0125 0.014814814814814815
0 0.8265625 0.024074074074074074 0.011458333333333333 0.011111111111111112
0 0.95 0.053703703703703705 0.016666666666666666 0.022222222222222223
0 0.921875 0.03981481481481482 0.0125 0.020370370370370372
0 0.8942708333333333 0.044444444444444446 0.015625 0.022222222222222223
0 0.8671875 0.03888888888888889 0.017708333333333333 0.022222222222222223
0 0.8890625 0.016666666666666666 0.011458333333333333 0.014814814814814815
0 0.9078125 0.028703703703703703 0.009375 0.016666666666666666
0 0.9291666666666667 0.022222222222222223 0.010416666666666666 0.014814814814814815
0 0.9489583333333333 0.03333333333333333 0.0125 0.018518518518518517
