2 0.895 0.30327868852459017 0.094 0.3180327868852459
5 0.218 0.6836065573770492 0.08 0.2459016393442623
5 0.337 0.5311475409836065 0.042 0.17704918032786884
5 0.598 0.5622950819672131 0.068 0.1737704918032787
5 0.503 0.4557377049180328 0.026000000000000002 0.10491803278688525
5 0.41000000000000003 0.4639344262295082 0.032 0.10819672131147541
8 0.22 0.7491803278688525 0.088 0.2262295081967213
8 0.326 0.5622950819672131 0.068 0.1540983606557377
8 0.40800000000000003 0.5016393442622951 0.04 0.09180327868852459
8 0.498 0.4721311475409836 0.036000000000000004 0.07868852459016393
8 0.607 0.5885245901639344 0.054 0.14098360655737704
7 0.492 0.15737704918032785 0.012 0.03278688524590164
