0 0.671 0.5015015015015015 0.542 0.34234234234234234
5 0.075 0.5330330330330331 0.138 0.46546546546546547
5 0.33 0.44894894894894893 0.07200000000000001 0.27927927927927926
5 0.262 0.56006006006006 0.132 0.4894894894894895
5 0.159 0.4264264264264264 0.074 0.27627627627627627
5 0.627 0.31681681681681684 0.03 0.06306306306306306
5 0.209 0.35585585585585583 0.042 0.17117117117117117
5 0.9400000000000001 0.32432432432432434 0.028 0.07207207207207207
5 0.497 0.3333333333333333 0.022 0.09009009009009009
5 0.914 0.35135135135135137 0.024 0.10810810810810811
5 0.527 0.3228228228228228 0.014 0.06306306306306306
1 0.963 0.18018018018018017 0.074 0.07207207207207207
