5 0.2788605697151424 0.676 0.13493253373313344 0.324
5 0.8598200899550225 0.665 0.10944527736131934 0.28200000000000003
0 0.3703148425787106 0.5650000000000001 0.15892053973013492 0.11800000000000001
5 0.9505247376311844 0.716 0.09895052473763118 0.212
5 0.6229385307346327 0.718 0.05847076461769115 0.188
5 0.7863568215892054 0.656 0.06146926536731634 0.252
5 0.13418290854572712 0.5690000000000001 0.06746626686656672 0.138
5 0.5907046476761619 0.658 0.05997001499250375 0.268
0 0.8935532233883058 0.557 0.05397301349325337 0.046
8 0.03973013493253373 0.557 0.02848575712143928 0.062
5 0.04272863568215892 0.533 0.031484257871064465 0.07
8 0.1386806596701649 0.611 0.06146926536731634 0.114
2 0.7128935532233883 0.401 0.043478260869565216 0.182
0 0.10869565217391304 0.513 0.04947526236881559 0.062
0 0.6634182908545727 0.537 0.037481259370314844 0.034
5 0.931784107946027 0.59 0.043478260869565216 0.092
8 0.01199400299850075 0.528 0.014992503748125937 0.04
