5 0.7143928035982009 0.72 0.10644677661169415 0.388
5 0.2691154422788606 0.712 0.12743628185907047 0.244
0 0.3748125937031484 0.673 0.1889055472263868 0.198
0 0.07421289355322339 0.56 0.09745127436281859 0.096
0 0.9310344827586207 0.526 0.1169415292353823 0.108
0 0.7781109445277361 0.5730000000000001 0.12293853073463268 0.138
0 0.3958020989505247 0.47900000000000004 0.07496251874062969 0.07
0 0.6056971514242878 0.677 0.24287856071964017 0.266
0 0.48875562218890556 0.519 0.08095952023988005 0.13
5 0.5667166416791604 0.438 0.020989505247376312 0.07200000000000001
0 0.8095952023988006 0.533 0.06896551724137931 0.074
0 0.7278860569715142 0.489 0.07346326836581708 0.046
0 0.5179910044977512 0.461 0.06446776611694152 0.062
0 0.2893553223388306 0.45 0.05697151424287856 0.048
0 0.4460269865067466 0.43 0.05247376311844078 0.036000000000000004
1 0.9340329835082458 0.202 0.13193403298350825 0.116
1 0.2098950524737631 0.446 0.05397301349325337 0.052000000000000005
1 0.5562218890554722 0.373 0.017991004497751123 0.022
1 0.4475262368815592 0.378 0.022488755622188904 0.016
1 0.3778110944527736 0.394 0.01199400299850075 0.024
1 0.012743628185907047 0.273 0.025487256371814093 0.07
1 0.23238380809595202 0.372 0.014992503748125937 0.024
1 0.11469265367316342 0.358 0.01649175412293853 0.02
1 0.05397301349325337 0.336 0.014992503748125937 0.02
4 0.031484257871064465 0.395 0.050974512743628186 0.046
