5 0.6934032983508246 0.614 0.13343328335832083 0.368
0 0.315592203898051 0.514 0.2083958020989505 0.148
5 0.5322338830584707 0.601 0.12593703148425786 0.31
0 0.04047976011994003 0.499 0.08095952023988005 0.166
0 0.20914542728635682 0.482 0.07646176911544228 0.088
0 0.4070464767616192 0.493 0.1454272863568216 0.11800000000000001
0 0.8118440779610194 0.5720000000000001 0.328335832083958 0.212
5 0.6416791604197901 0.51 0.026986506746626684 0.10400000000000001
4 0.17391304347826086 0.41100000000000003 0.10194902548725637 0.058
0 0.05697151424287856 0.447 0.041979010494752625 0.05
0 0.1416791604197901 0.488 0.07646176911544228 0.132
5 0.08245877061469264 0.463 0.026986506746626684 0.066
1 0.41079460269865065 0.34500000000000003 0.06296851574212893 0.074
