5 0.7503328894806924 0.668 0.07856191744340879 0.244
0 0.3042609853528629 0.742 0.4727030625832224 0.372
2 0.8794940079893476 0.323 0.07323568575233023 0.17400000000000002
8 0.5645805592543276 0.607 0.053262316910785625 0.082
8 0.637150466045273 0.614 0.10785619174434088 0.096
5 0.45073235685752333 0.583 0.04660452729693742 0.122
5 0.5838881491344874 0.579 0.030625832223701733 0.106
2 0.9161118508655127 0.034 0.10386151797603196 0.068
5 0.6351531291611185 0.581 0.03994673768308922 0.126
5 0.9007989347536618 0.589 0.03861517976031958 0.114
5 0.28961384820239683 0.541 0.030625832223701733 0.034
1 0.21238348868175766 0.464 0.02529960053262317 0.048
3 0.9167776298268975 0.626 0.14247669773635155 0.1
5 0.20905459387483358 0.545 0.02396804260985353 0.046
2 0.3455392809587217 0.458 0.01997336884154461 0.07200000000000001
2 0.3615179760319574 0.316 0.033288948069241014 0.116
