0 0.09666666666666666 0.4331103678929766 0.11333333333333333 0.056856187290969896
5 0.2811111111111111 0.6387959866220736 0.1 0.39464882943143814
0 0.6366666666666667 0.5752508361204013 0.2822222222222222 0.2408026755852843
5 0.89 0.5384615384615384 0.051111111111111114 0.20066889632107024
0 0.27 0.42474916387959866 0.06 0.04013377926421405
1 0.10555555555555556 0.22742474916387959 0.06888888888888889 0.09364548494983277
5 0.46444444444444444 0.6655518394648829 0.12444444444444444 0.43478260869565216
0 0.31777777777777777 0.42642140468227424 0.04 0.030100334448160536
0 0.3688888888888889 0.42474916387959866 0.04 0.026755852842809364
5 0.8322222222222222 0.4632107023411371 0.024444444444444446 0.06354515050167224
0 0.19333333333333333 0.4297658862876254 0.06222222222222222 0.043478260869565216
5 0.9566666666666667 0.4632107023411371 0.03333333333333333 0.10367892976588629
0 0.014444444444444444 0.43812709030100333 0.028888888888888888 0.046822742474916385
5 0.9411111111111111 0.45484949832775917 0.028888888888888888 0.10702341137123746
1 0.77 0.22240802675585283 0.028888888888888888 0.056856187290969896
1 0.6844444444444444 0.2809364548494983 0.07111111111111111 0.026755852842809364
5 0.22111111111111112 0.5 0.028888888888888888 0.1906354515050167
4 0.5533333333333333 0.411371237458194 0.03111111111111111 0.04013377926421405
