0 0.168 0.19208211143695014 0.148 0.16715542521994134
5 0.616 0.3621700879765396 0.076 0.22580645161290322
0 0.216 0.14516129032258066 0.124 0.15542521994134897
0 0.64 0.02785923753665689 0.12 0.05571847507331378
5 0.375 0.8695014662756598 0.10200000000000001 0.24926686217008798
0 0.261 0.06744868035190615 0.14200000000000002 0.1348973607038123
5 0.723 0.37976539589442815 0.058 0.1906158357771261
5 0.056 0.6143695014662757 0.08 0.17302052785923755
0 0.372 0.03225806451612903 0.088 0.06451612903225806
8 0.14200000000000002 0.39296187683284456 0.08 0.16422287390029325
5 0.5760000000000001 0.6759530791788856 0.088 0.20234604105571846
5 0.6900000000000001 0.3885630498533724 0.036000000000000004 0.15542521994134897
8 0.048 0.6935483870967742 0.07200000000000001 0.17888563049853373
8 0.378 0.9296187683284457 0.08 0.1407624633431085
5 0.629 0.24633431085043989 0.034 0.07624633431085044
5 0.377 0.7888563049853372 0.078 0.09970674486803519
8 0.577 0.7419354838709677 0.074 0.23460410557184752
5 0.14200000000000002 0.33724340175953077 0.052000000000000005 0.12903225806451613
