4 0.16933333333333334 0.196 0.304 0.272
5 0.43466666666666665 0.267 0.07466666666666666 0.20600000000000002
5 0.36 0.251 0.05333333333333333 0.158
0 0.77 0.209 0.17466666666666666 0.082
6 0.7893333333333333 0.28400000000000003 0.104 0.108
0 0.9333333333333333 0.363 0.13333333333333333 0.306
0 0.5026666666666666 0.203 0.026666666666666665 0.026000000000000002
5 0.5873333333333333 0.203 0.014666666666666666 0.038
0 0.6226666666666666 0.197 0.04 0.046
0 0.6806666666666666 0.2 0.06 0.056
0 0.39199999999999996 0.211 0.026666666666666665 0.046
0 0.646 0.194 0.05466666666666666 0.056
0 0.4373333333333333 0.226 0.09066666666666666 0.1
0 0.4633333333333333 0.226 0.03866666666666667 0.108
0 0.48533333333333334 0.20800000000000002 0.024 0.036000000000000004
5 0.8813333333333333 0.20500000000000002 0.024 0.066
5 0.862 0.191 0.02 0.038
0 0.48 0.213 0.021333333333333333 0.054
0 0.5313333333333333 0.196 0.028 0.02
1 0.638 0.099 0.025333333333333333 0.034
