0 0.7911111111111111 0.5171339563862928 0.4177777777777778 0.21806853582554517
4 0.14444444444444443 0.40342679127725856 0.28888888888888886 0.308411214953271
5 0.7055555555555556 0.5155763239875389 0.06888888888888889 0.29595015576323985
0 0.38555555555555554 0.4532710280373832 0.20222222222222222 0.13395638629283488
5 0.34 0.5685358255451713 0.12444444444444444 0.3395638629283489
5 0.22555555555555556 0.632398753894081 0.14444444444444443 0.5420560747663551
5 0.8866666666666667 0.4143302180685358 0.04 0.11214953271028037
0 0.9733333333333334 0.4439252336448598 0.05333333333333333 0.11526479750778816
5 0.8288888888888889 0.40186915887850466 0.035555555555555556 0.06230529595015576
5 0.13 0.45794392523364486 0.06 0.11838006230529595
5 0.7588888888888888 0.3909657320872274 0.03333333333333333 0.040498442367601244
6 0.20444444444444446 0.7476635514018691 0.28 0.3364485981308411
8 0.3388888888888889 0.6308411214953271 0.20222222222222222 0.20249221183800623
5 0.5833333333333334 0.5280373831775701 0.07333333333333333 0.26479750778816197
