0 0.15347222222222223 0.47530864197530864 0.15416666666666667 0.16049382716049382
5 0.4791666666666667 0.554320987654321 0.075 0.3135802469135802
5 0.7631944444444445 0.46172839506172836 0.04861111111111111 0.18271604938271604
0 0.9277777777777778 0.4382716049382716 0.14166666666666666 0.08641975308641975
0 0.01388888888888889 0.43333333333333335 0.02777777777777778 0.10123456790123457
5 0.7284722222222223 0.4345679012345679 0.034722222222222224 0.13333333333333333
6 0.7652777777777778 0.5308641975308642 0.036111111111111115 0.12345679012345678
2 0.44583333333333336 0.21358024691358024 0.01388888888888889 0.06172839506172839
2 0.35694444444444445 0.21358024691358024 0.01388888888888889 0.056790123456790124
0 0.03402777777777778 0.42098765432098767 0.02638888888888889 0.06172839506172839
6 0.7340277777777778 0.49382716049382713 0.02638888888888889 0.08395061728395062
4 0.1375 0.3814814814814815 0.08611111111111111 0.05185185185185185
5 0.8347222222222223 0.4419753086419753 0.025 0.09382716049382715
3 0.6354166666666667 0.42839506172839503 0.09583333333333334 0.13580246913580246
2 0.9861111111111112 0.22098765432098766 0.02777777777777778 0.09135802469135802
5 0.5722222222222223 0.4382716049382716 0.03888888888888889 0.11604938271604938
2 0.4013888888888889 0.21234567901234566 0.019444444444444445 0.02962962962962963
2 0.9534722222222223 0.13950617283950617 0.02638888888888889 0.1259259259259259
2 0.8013888888888889 0.2740740740740741 0.016666666666666666 0.1037037037037037
