5 0.5406666666666666 0.632 0.07333333333333333 0.20800000000000002
5 0.6673333333333333 0.602 0.04133333333333333 0.216
4 0.208 0.498 0.4106666666666667 0.276
2 0.9206666666666666 0.28400000000000003 0.04933333333333333 0.164
2 0.5166666666666666 0.394 0.025333333333333333 0.076
0 0.44066666666666665 0.595 0.2573333333333333 0.146
2 0.6613333333333333 0.291 0.026666666666666665 0.082
6 0.5546666666666666 0.6880000000000001 0.03733333333333333 0.116
5 0.6053333333333333 0.623 0.04533333333333333 0.218
3 0.08399999999999999 0.562 0.16533333333333333 0.352
6 0.7453333333333333 0.68 0.08 0.132
2 0.5366666666666666 0.395 0.025333333333333333 0.078
2 0.45799999999999996 0.466 0.009333333333333332 0.024
1 0.9013333333333333 0.47500000000000003 0.042666666666666665 0.138
1 0.45399999999999996 0.491 0.017333333333333333 0.026000000000000002
1 0.4686666666666667 0.499 0.009333333333333332 0.014
5 0.7453333333333333 0.638 0.06666666666666667 0.192
