5 0.23828125 0.5711111111111111 0.0765625 0.2
0 0.46171875 0.8855555555555555 0.21406250000000002 0.2288888888888889
5 0.3953125 0.5588888888888889 0.046875 0.20222222222222222
0 0.8203125 0.2311111111111111 0.13125 0.15555555555555556
5 0.6023437500000001 0.6166666666666667 0.0734375 0.18888888888888888
3 0.76484375 0.0811111111111111 0.1484375 0.1622222222222222
5 0.6468750000000001 0.6555555555555556 0.046875 0.11555555555555555
5 0.9148437500000001 0.15777777777777777 0.0421875 0.10222222222222223
0 0.5789062500000001 0.09888888888888889 0.1046875 0.15333333333333332
0 0.2828125 0.03888888888888889 0.109375 0.07777777777777778
3 0.8640625000000001 0.058888888888888886 0.07187500000000001 0.11777777777777777
5 0.6859375000000001 0.18666666666666668 0.05 0.11555555555555555
5 0.82734375 0.9144444444444444 0.0921875 0.1711111111111111
0 0.51953125 0.01888888888888889 0.07968750000000001 0.03777777777777778
8 0.9140625 0.19555555555555557 0.034375 0.06666666666666667
3 0.6875 0.03666666666666667 0.03125 0.06888888888888889
0 0.9500000000000001 0.10666666666666666 0.1 0.14666666666666667
0 0.9859375 0.6266666666666667 0.028125 0.1511111111111111
5 0.82578125 0.9544444444444444 0.0734375 0.09111111111111111
8 0.68125 0.21777777777777776 0.043750000000000004 0.08
5 0.58203125 0.6377777777777778 0.0328125 0.11555555555555555
