0 0.9486666666666667 0.6890000000000001 0.10266666666666667 0.21
0 0.20933333333333332 0.647 0.128 0.126
5 0.532 0.661 0.08266666666666667 0.198
0 0.42733333333333334 0.608 0.06533333333333333 0.07200000000000001
0 0.7866666666666666 0.626 0.11466666666666667 0.128
0 0.8613333333333333 0.621 0.06666666666666667 0.09
0 0.6746666666666666 0.605 0.050666666666666665 0.078
0 0.6033333333333333 0.61 0.06266666666666666 0.08
4 0.37866666666666665 0.5710000000000001 0.056 0.082
2 0.5053333333333333 0.377 0.018666666666666665 0.066
0 0.48333333333333334 0.604 0.05733333333333333 0.056
0 0.7193333333333333 0.609 0.07866666666666666 0.114
4 0.862 0.577 0.11066666666666666 0.13
0 0.27666666666666667 0.594 0.030666666666666665 0.036000000000000004
2 0.6433333333333333 0.45 0.012 0.04
2 0.39666666666666667 0.359 0.017333333333333333 0.026000000000000002
0 0.29266666666666663 0.587 0.044 0.042
2 0.39666666666666667 0.394 0.017333333333333333 0.032
5 0.021333333333333333 0.596 0.016 0.044
2 0.5753333333333334 0.449 0.012 0.038
1 0.592 0.449 0.010666666666666666 0.022
1 0.7246666666666667 0.448 0.06 0.036000000000000004
1 0.7993333333333333 0.459 0.052 0.026000000000000002
7 0.7333333333333333 0.359 0.008 0.018000000000000002
7 0.7066666666666667 0.354 0.008 0.016
7 0.634 0.356 0.006666666666666666 0.012
