0 0.3609375 0.5861111111111111 0.09895833333333333 0.19444444444444445
0 0.7953125 0.3277777777777778 0.06354166666666666 0.07777777777777778
0 0.8036458333333333 0.48240740740740745 0.084375 0.12037037037037038
0 0.6484375 0.39351851851851855 0.059375 0.09074074074074075
0 0.6572916666666666 0.19444444444444445 0.0375 0.044444444444444446
0 0.9197916666666667 0.46296296296296297 0.1 0.12592592592592594
0 0.6296875 0.2740740740740741 0.04479166666666667 0.06296296296296297
0 0.39427083333333335 0.287962962962963 0.046875 0.06851851851851852
0 0.7338541666666667 0.20555555555555557 0.042708333333333334 0.05555555555555556
0 0.396875 0.1851851851851852 0.029166666666666667 0.040740740740740744
0 0.9130208333333333 0.33055555555555555 0.08020833333333333 0.10185185185185186
0 0.45260416666666664 0.17962962962962964 0.028125 0.044444444444444446
0 0.7 0.16203703703703703 0.029166666666666667 0.03888888888888889
0 0.6276041666666666 0.13611111111111113 0.02395833333333333 0.04259259259259259
0 0.6536458333333334 0.11481481481481481 0.021875 0.022222222222222223
0 0.5864583333333333 0.11574074074074074 0.027083333333333334 0.04259259259259259
0 0.775 0.9074074074074074 0.15625 0.1851851851851852
0 0.7520833333333333 0.17592592592592593 0.029166666666666667 0.044444444444444446
0 0.6927083333333334 0.1175925925925926 0.022916666666666665 0.02777777777777778
0 0.6354166666666666 0.08518518518518518 0.014583333333333334 0.022222222222222223
0 0.4973958333333333 0.09814814814814815 0.015625 0.02592592592592593
0 0.525 0.08148148148148149 0.014583333333333334 0.02962962962962963
0 0.46770833333333334 0.09537037037037037 0.016666666666666666 0.024074074074074074
0 0.4515625 0.08333333333333334 0.015625 0.022222222222222223
3 0.421875 0.10370370370370371 0.020833333333333332 0.044444444444444446
3 0.434375 0.09074074074074075 0.016666666666666666 0.040740740740740744
3 0.6041666666666666 0.075 0.014583333333333334 0.03518518518518519
0 0.575 0.075 0.010416666666666666 0.020370370370370372
