0 0.9058333333333334 0.8039513677811551 0.18500000000000003 0.3191489361702128
0 0.7458333333333333 0.7386018237082067 0.165 0.2006079027355623
0 0.23083333333333333 0.7993920972644377 0.315 0.3951367781155015
5 0.4141666666666667 0.7416413373860182 0.04833333333333334 0.2188449848024316
0 0.6633333333333333 0.7127659574468085 0.09666666666666668 0.16717325227963525
0 0.5333333333333333 0.6732522796352584 0.060000000000000005 0.09422492401215805
0 0.6066666666666667 0.6960486322188449 0.06333333333333334 0.1398176291793313
0 0.5633333333333334 0.6838905775075987 0.05333333333333334 0.11550151975683891
0 0.5075000000000001 0.6641337386018237 0.055 0.08814589665653495
0 0.4658333333333334 0.6443768996960486 0.04833333333333334 0.0668693009118541
0 0.375 0.6291793313069909 0.03333333333333333 0.0486322188449848
0 0.5733333333333334 0.6838905775075987 0.11666666666666667 0.1094224924012158
0 0.4491666666666667 0.6367781155015197 0.045000000000000005 0.06990881458966565
0 0.1675 0.8404255319148937 0.335 0.3191489361702128
