5 0.43333333333333335 0.6044444444444445 0.09666666666666668 0.28888888888888886
0 0.8500000000000001 0.5244444444444445 0.14 0.06666666666666667
5 0.5675 0.5366666666666666 0.035 0.10444444444444445
2 0.8833333333333334 0.42444444444444446 0.02666666666666667 0.05333333333333333
0 0.3433333333333334 0.5455555555555556 0.04 0.03333333333333333
5 0.19833333333333333 0.5588888888888889 0.060000000000000005 0.12222222222222222
0 0.9650000000000001 0.5288888888888889 0.07 0.07111111111111111
5 0.2841666666666667 0.5466666666666666 0.035 0.08444444444444445
5 0.5125000000000001 0.5455555555555556 0.018333333333333333 0.04666666666666667
5 0.7558333333333334 0.5266666666666666 0.015000000000000001 0.05333333333333333
0 0.9333333333333333 0.5288888888888889 0.06333333333333334 0.06222222222222222
8 0.28250000000000003 0.5755555555555556 0.055 0.057777777777777775
8 0.19333333333333336 0.5966666666666667 0.09666666666666668 0.07777777777777778
4 0.04666666666666667 0.45111111111111113 0.09333333333333334 0.07111111111111111
0 0.13583333333333333 0.5388888888888889 0.07500000000000001 0.06444444444444444
5 0.6525000000000001 0.5344444444444444 0.021666666666666667 0.042222222222222223
0 0.9883333333333334 0.5922222222222222 0.023333333333333334 0.12222222222222222
5 0.13166666666666668 0.5722222222222222 0.043333333333333335 0.09555555555555556
5 0.06916666666666667 0.5766666666666667 0.04833333333333334 0.10444444444444445
