0 0.213 0.4527027027027027 0.17400000000000002 0.0915915915915916
0 0.401 0.42792792792792794 0.13 0.08108108108108109
5 0.724 0.48123123123123124 0.08 0.16366366366366367
5 0.885 0.41291291291291293 0.038 0.08108108108108109
0 0.059000000000000004 0.4316816816816817 0.058 0.03753753753753754
2 0.6960000000000001 0.3138138138138138 0.012 0.024024024024024024
6 0.553 0.4339339339339339 0.042 0.03903903903903904
5 0.8150000000000001 0.44744744744744747 0.058 0.12312312312312312
2 0.836 0.3551051051051051 0.012 0.025525525525525526
0 0.248 0.42042042042042044 0.096 0.036036036036036036
6 0.593 0.43093093093093093 0.042 0.05105105105105105
5 0.551 0.4174174174174174 0.038 0.05405405405405406
0 0.129 0.43318318318318316 0.038 0.04354354354354354
6 0.019 0.46621621621621623 0.038 0.04354354354354354
0 0.022 0.43993993993993996 0.044 0.03003003003003003
5 0.912 0.3993993993993994 0.02 0.04504504504504504
3 0.654 0.4084084084084084 0.084 0.06606606606606606
5 0.589 0.4091591591591592 0.034 0.04354354354354354
2 0.626 0.3213213213213213 0.012 0.024024024024024024
1 0.808 0.3048048048048048 0.016 0.012012012012012012
1 0.835 0.3288288288288288 0.022 0.018018018018018018
1 0.759 0.3183183183183183 0.05 0.015015015015015015
