5 0.2638680659670165 0.597 0.23088455772113942 0.47000000000000003
0 0.1176911544227886 0.444 0.1394302848575712 0.076
5 0.545727136431784 0.47100000000000003 0.041979010494752625 0.094
0 0.04947526236881559 0.461 0.09895052473763118 0.08600000000000001
8 0.5464767616191903 0.498 0.037481259370314844 0.07200000000000001
5 0.40929535232383807 0.46 0.0239880059970015 0.064
4 0.684407796101949 0.41200000000000003 0.05547226386806597 0.036000000000000004
5 0.5089955022488756 0.444 0.01649175412293853 0.04
5 0.43628185907046474 0.448 0.017991004497751123 0.044
5 0.4730134932533733 0.448 0.019490254872563718 0.044
0 0.9370314842578711 0.434 0.047976011994003 0.028
1 0.6071964017991004 0.379 0.026986506746626684 0.026000000000000002
7 0.7158920539730135 0.116 0.022488755622188904 0.028
