4 0.22996183206106868 0.31936416184971095 0.3187022900763359 0.41329479768786126
5 0.6860687022900763 0.5202312138728323 0.17748091603053434 0.4913294797687861
5 0.9246183206106869 0.4263005780346821 0.08587786259541984 0.2861271676300578
0 0.5477099236641221 0.3988439306358381 0.14885496183206107 0.16184971098265896
0 0.4799618320610687 0.36416184971098264 0.06679389312977099 0.10404624277456646
0 0.9761450381679388 0.3815028901734104 0.047709923664122134 0.06936416184971098
3 0.8196564885496183 0.34393063583815026 0.12022900763358778 0.10404624277456646
0 0.4131679389312977 0.34826589595375723 0.055343511450381674 0.05491329479768786
5 0.047709923664122134 0.3468208092485549 0.030534351145038167 0.09248554913294797
5 0.6374045801526718 0.4508670520231214 0.07633587786259542 0.3179190751445087
