0 0.546 0.6147186147186147 0.196 0.12987012987012986
0 0.628 0.5822510822510822 0.10400000000000001 0.09090909090909091
0 0.327 0.6082251082251082 0.082 0.0735930735930736
3 0.839 0.5562770562770563 0.178 0.16017316017316016
0 0.113 0.6536796536796536 0.066 0.13852813852813853
5 0.439 0.6363636363636364 0.042 0.21645021645021645
0 0.377 0.5844155844155844 0.054 0.08658008658008658
5 0.724 0.6125541125541125 0.052000000000000005 0.20346320346320346
5 0.04 0.8441558441558441 0.06 0.2683982683982684
0 0.987 0.512987012987013 0.026000000000000002 0.05627705627705628
0 0.963 0.512987012987013 0.054 0.05627705627705628
0 0.324 0.6861471861471862 0.108 0.21212121212121213
0 0.048 0.6212121212121212 0.04 0.0735930735930736
1 0.5720000000000001 0.35064935064935066 0.024 0.05194805194805195
1 0.619 0.3463203463203463 0.022 0.04329004329004329
