5 0.43375 0.4680451127819549 0.0425 0.15413533834586465
5 0.54875 0.6353383458646616 0.1225 0.48120300751879697
5 0.6475 0.6090225563909775 0.12 0.45112781954887216
5 0.28250000000000003 0.48684210526315785 0.065 0.23684210526315788
5 0.3375 0.41917293233082703 0.025 0.10150375939849623
5 0.80375 0.39849624060150374 0.0175 0.06015037593984962
5 0.965 0.39849624060150374 0.02 0.06015037593984962
5 0.18625 0.40601503759398494 0.0225 0.05263157894736842
5 0.9825 0.4041353383458646 0.025 0.05639097744360902
2 0.27125 0.2744360902255639 0.0225 0.045112781954887216
5 0.685 0.4041353383458646 0.02 0.05639097744360902
0 0.7837500000000001 0.39473684210526316 0.0575 0.045112781954887216
5 0.45625 0.4041353383458646 0.0175 0.04887218045112782
5 0.55 0.381578947368421 0.03 0.04887218045112782
