5 0.5033738191632928 0.47500000000000003 0.08906882591093117 0.262
5 0.7307692307692307 0.541 0.08771929824561403 0.39
5 0.6626180836707152 0.505 0.06747638326585695 0.33
0 0.582995951417004 0.384 0.048582995951417005 0.036000000000000004
2 0.3313090418353576 0.05 0.02564102564102564 0.096
2 0.14304993252361672 0.094 0.024291497975708502 0.084
0 0.8488529014844804 0.561 0.3022941970310391 0.358
2 0.22941970310391363 0.073 0.026990553306342778 0.094
0 0.32793522267206476 0.387 0.048582995951417005 0.034
0 0.3724696356275303 0.383 0.03778677462887989 0.022
0 0.16869095816464236 0.497 0.33468286099865047 0.446
2 0.5060728744939271 0.033 0.029689608636977057 0.066
0 0.42037786774628877 0.38 0.04723346828609986 0.028
0 0.48043184885290147 0.373 0.03508771929824561 0.03
0 0.8333333333333333 0.41400000000000003 0.1524966261808367 0.068
1 0.4338731443994602 0.07200000000000001 0.07692307692307691 0.048
1 0.37044534412955465 0.038 0.044534412955465584 0.07200000000000001
1 0.4190283400809716 0.328 0.02834008097165992 0.044
