5 0.7608333333333334 0.67 0.12166666666666667 0.485
5 0.6050000000000001 0.51625 0.043333333333333335 0.1275
5 0.7108333333333334 0.546875 0.05666666666666667 0.24875
6 0.5537500000000001 0.555 0.0625 0.0925
5 0.8808333333333334 0.675625 0.10333333333333335 0.47375
0 0.07 0.498125 0.07833333333333334 0.051250000000000004
2 0.4608333333333334 0.261875 0.045000000000000005 0.14875
5 0.6304166666666667 0.516875 0.029166666666666667 0.12875
0 0.15291666666666667 0.4925 0.060833333333333336 0.0425
0 0.22458333333333336 0.4825 0.052500000000000005 0.04
5 0.8483333333333334 0.54 0.05166666666666667 0.24
5 0.7933333333333333 0.469375 0.030000000000000002 0.07375
6 0.38125000000000003 0.603125 0.09416666666666668 0.12375
2 0.515 0.15375 0.045000000000000005 0.11
