0 0.1171875 0.3138888888888889 0.11770833333333333 0.10185185185185186
0 0.03854166666666667 0.36944444444444446 0.07708333333333334 0.09814814814814815
0 0.5229166666666667 0.08796296296296297 0.05625 0.05740740740740741
0 0.5640625 0.06851851851851852 0.03854166666666667 0.05185185185185186
0 0.4666666666666667 0.11944444444444445 0.07291666666666667 0.061111111111111116
0 0.6140625 0.04259259259259259 0.053125 0.044444444444444446
0 0.6197916666666666 0.1212962962962963 0.07708333333333334 0.07962962962962963
4 0.6302083333333334 0.3037037037037037 0.3208333333333333 0.5111111111111112
0 0.59375 0.13333333333333333 0.03125 0.037037037037037035
0 0.0859375 0.6805555555555556 0.171875 0.22777777777777777
0 0.23645833333333333 0.25277777777777777 0.09583333333333333 0.09444444444444444
0 0.43645833333333334 0.2935185185185185 0.09166666666666666 0.1425925925925926
