4 0.9283333333333333 0.37777777777777777 0.14333333333333334 0.21333333333333332
5 0.3141666666666667 0.6188888888888889 0.10166666666666667 0.5266666666666666
0 0.6133333333333334 0.41333333333333333 0.06666666666666667 0.035555555555555556
6 0.4658333333333334 0.5022222222222222 0.13166666666666668 0.11555555555555555
4 0.07666666666666667 0.3844444444444444 0.15000000000000002 0.08888888888888889
0 0.0425 0.4177777777777778 0.085 0.057777777777777775
0 0.8316666666666667 0.41 0.06333333333333334 0.051111111111111114
5 0.4741666666666667 0.4633333333333333 0.07500000000000001 0.16666666666666666
8 0.095 0.44222222222222224 0.06333333333333334 0.04
5 0.7533333333333334 0.4111111111111111 0.02666666666666667 0.06666666666666667
0 0.4416666666666667 0.4111111111111111 0.08 0.04
5 0.535 0.4166666666666667 0.02666666666666667 0.06444444444444444
0 0.675 0.4177777777777778 0.030000000000000002 0.026666666666666665
4 0.1716666666666667 0.39444444444444443 0.03666666666666667 0.051111111111111114
8 0.7483333333333334 0.43222222222222223 0.05333333333333334 0.042222222222222223
0 0.25333333333333335 0.4111111111111111 0.03666666666666667 0.035555555555555556
5 0.08333333333333334 0.4222222222222222 0.030000000000000002 0.06666666666666667
6 0.5408333333333334 0.43555555555555553 0.04166666666666667 0.04
8 0.4025 0.43777777777777777 0.058333333333333334 0.044444444444444446
5 0.8650000000000001 0.41888888888888887 0.02 0.06
8 0.49333333333333335 0.44222222222222224 0.03666666666666667 0.06666666666666667
0 0.21333333333333335 0.40555555555555556 0.02666666666666667 0.03333333333333333
5 0.39083333333333337 0.4088888888888889 0.04166666666666667 0.04
1 0.39083333333333337 0.2966666666666667 0.03166666666666667 0.03777777777777778
1 0.49000000000000005 0.34 0.04666666666666667 0.017777777777777778
