0 0.0546875 0.4947916666666667 0.1125 0.05625
5 0.82421875 0.5614583333333333 0.1171875 0.27708333333333335
0 0.6898437500000001 0.49166666666666664 0.1484375 0.0875
0 0.24453125 0.5625 0.3609375 0.25416666666666665
0 0.515625 0.484375 0.03125 0.027083333333333334
0 0.5945312500000001 0.48125 0.045312500000000006 0.029166666666666667
2 0.79609375 0.34479166666666666 0.0171875 0.04375
5 0.47500000000000003 0.48854166666666665 0.018750000000000003 0.04791666666666666
2 0.753125 0.34270833333333334 0.015625 0.04375
0 0.38984375000000004 0.4875 0.045312500000000006 0.05
0 0.5390625 0.48333333333333334 0.025 0.025
6 0.47421875 0.5020833333333333 0.0171875 0.029166666666666667
0 0.37421875000000004 0.4708333333333333 0.07968750000000001 0.0875
8 0.88046875 0.5052083333333334 0.029687500000000002 0.03958333333333333
1 0.8953125000000001 0.340625 0.053125000000000006 0.01875
2 0.8484375000000001 0.34270833333333334 0.021875000000000002 0.04791666666666666
8 0.925 0.5072916666666667 0.053125000000000006 0.03958333333333333
5 0.9 0.484375 0.015625 0.035416666666666666
5 0.92578125 0.4927083333333333 0.0171875 0.06041666666666667
