5 0.9567627494456763 0.41000000000000003 0.07317073170731707 0.26666666666666666
4 0.7062084257206208 0.35500000000000004 0.09534368070953436 0.17666666666666667
4 0.8248337028824834 0.34 0.15521064301552107 0.22666666666666668
5 0.4844789356984479 0.5366666666666667 0.17960088691796008 0.5066666666666667
5 0.09090909090909091 0.445 0.03991130820399113 0.18333333333333335
5 0.18514412416851442 0.4416666666666667 0.05543237250554324 0.17666666666666667
2 0.9811529933481153 0.05333333333333334 0.037694013303769404 0.10666666666666667
0 0.5509977827050998 0.4516666666666667 0.10421286031042129 0.19666666666666668
5 0.1319290465631929 0.4516666666666667 0.050997782705099776 0.17666666666666667
5 0.03991130820399113 0.45833333333333337 0.05321507760532151 0.18333333333333335
5 0.24944567627494457 0.44833333333333336 0.037694013303769404 0.1366666666666667
5 0.01662971175166297 0.4666666666666667 0.03325942350332594 0.19333333333333336
