4 0.8553333333333333 0.47900000000000004 0.16933333333333334 0.21
4 0.20666666666666667 0.45 0.104 0.136
5 0.16133333333333333 0.52 0.048 0.17200000000000001
6 0.5626666666666666 0.657 0.19999999999999998 0.19
0 0.7346666666666667 0.526 0.12 0.132
0 0.5533333333333333 0.491 0.04533333333333333 0.05
5 0.5766666666666667 0.584 0.108 0.244
4 0.9786666666666667 0.515 0.042666666666666665 0.258
0 0.06 0.462 0.058666666666666666 0.036000000000000004
0 0.6566666666666666 0.505 0.07066666666666667 0.098
4 0.7153333333333333 0.449 0.05733333333333333 0.046
0 0.017333333333333333 0.468 0.034666666666666665 0.048
6 0.63 0.58 0.05466666666666666 0.116
