5 0.38676470588235295 0.7384769539078155 0.22058823529411764 0.3106212424849699
5 0.7544117647058823 0.8176352705410821 0.37941176470588234 0.3607214428857715
5 0.8352941176470589 0.6503006012024047 0.11176470588235293 0.13827655310621242
2 0.8205882352941176 0.18036072144288576 0.10588235294117647 0.18837675350701402
8 0.3514705882352941 0.7785571142284569 0.4970588235294118 0.22645290581162322
8 0.9279411764705883 0.7645290581162324 0.1264705882352941 0.1222444889779559
2 0.075 0.4458917835671342 0.07352941176470588 0.08617234468937875
5 0.27794117647058825 0.6072144288577154 0.06764705882352941 0.10821643286573146
5 0.025 0.6292585170340681 0.05 0.18036072144288576
5 0.3323529411764706 0.6072144288577154 0.12352941176470589 0.12024048096192384
0 0.9573529411764706 0.6993987975951903 0.08529411764705883 0.1442885771543086
1 0.8426470588235294 0.03607214428857715 0.16176470588235295 0.0721442885771543
7 0.5926470588235294 0.30861723446893785 0.044117647058823525 0.028056112224448895
7 0.6352941176470588 0.3156312625250501 0.023529411764705882 0.03006012024048096
