5 0.8812500000000001 0.5416666666666666 0.134375 0.3208333333333333
0 0.22109375 0.5760416666666667 0.4390625 0.39791666666666664
5 0.49921875000000004 0.515625 0.0703125 0.2520833333333333
5 0.5320312500000001 0.51875 0.0390625 0.23333333333333334
0 0.7757812500000001 0.471875 0.0921875 0.04791666666666666
5 0.9773437500000001 0.5541666666666667 0.045312500000000006 0.35833333333333334
2 0.55703125 0.3489583333333333 0.010937500000000001 0.03125
2 0.5085937500000001 0.35 0.0140625 0.03333333333333333
8 0.7820312500000001 0.5135416666666667 0.07968750000000001 0.06458333333333333
2 0.45937500000000003 0.3489583333333333 0.015625 0.03125
5 0.41171875 0.4635416666666667 0.0140625 0.03125
5 0.37578125 0.465625 0.0140625 0.03125
8 0.57734375 0.48125 0.0421875 0.03333333333333333
2 0.73359375 0.4166666666666667 0.0171875 0.03333333333333333
1 0.596875 0.3489583333333333 0.03125 0.014583333333333334
1 0.6101562500000001 0.3697916666666667 0.0234375 0.010416666666666666
