5 0.5539280958721705 0.547 0.09853528628495341 0.334
5 0.3049267643142477 0.585 0.06924101198402131 0.23
5 0.440745672436751 0.536 0.07723035952063916 0.34400000000000003
5 0.8082556591211718 0.447 0.037283621837549935 0.11
5 0.3828229027962717 0.5730000000000001 0.06790945406125166 0.274
0 0.4760319573901465 0.438 0.05193075898801598 0.07200000000000001
3 0.17776298268974702 0.486 0.35552596537949405 0.28800000000000003
5 0.9347536617842876 0.41500000000000004 0.029294274300932094 0.038
8 0.8102529960053263 0.47200000000000003 0.02796271637816245 0.068
5 0.503994673768309 0.41200000000000003 0.022636484687083888 0.048
1 0.7589880159786951 0.218 0.09054593874833555 0.096
1 0.6937416777629828 0.35000000000000003 0.02130492676431425 0.036000000000000004
