0 0.365625 0.2814814814814815 0.06041666666666667 0.06666666666666667
0 0.8489583333333334 0.2518518518518519 0.08125 0.05555555555555556
0 0.48593749999999997 0.30185185185185187 0.08020833333333333 0.07777777777777778
0 0.9380208333333333 0.27314814814814814 0.10104166666666667 0.061111111111111116
0 0.7213541666666666 0.21296296296296297 0.06770833333333333 0.05185185185185186
2 0.20104166666666667 0.17500000000000002 0.025 0.031481481481481485
0 0.06354166666666666 0.2518518518518519 0.03958333333333333 0.06666666666666667
2 0.5223958333333333 0.08518518518518518 0.015625 0.04814814814814815
0 0.8828125 0.6407407407407407 0.234375 0.32592592592592595
0 0.049479166666666664 0.18703703703703706 0.030208333333333334 0.04814814814814815
5 0.06145833333333333 0.3925925925925926 0.027083333333333334 0.10370370370370371
5 0.0265625 0.39814814814814814 0.034375 0.0962962962962963
3 0.03177083333333333 0.34351851851851856 0.06354166666666666 0.07962962962962963
0 0.37395833333333334 0.14351851851851852 0.03125 0.03888888888888889
0 0.5739583333333333 0.17962962962962964 0.04583333333333333 0.044444444444444446
0 0.6208333333333333 0.19444444444444445 0.03958333333333333 0.05185185185185186
0 0.66875 0.19907407407407407 0.052083333333333336 0.053703703703703705
1 0.7713541666666667 0.6537037037037037 0.046875 0.2740740740740741
