0 0.275 0.7256317689530686 0.27 0.33212996389891697
0 0.434 0.6462093862815884 0.12 0.18772563176895307
0 0.838 0.7779783393501806 0.32 0.4512635379061372
0 0.627 0.6137184115523466 0.122 0.20216606498194947
0 0.652 0.6588447653429603 0.076 0.21299638989169675
5 0.535 0.6155234657039711 0.042 0.1552346570397112
0 0.187 0.5794223826714802 0.122 0.11913357400722022
0 0.5650000000000001 0.5974729241877257 0.034 0.10469314079422383
3 0.088 0.7509025270758123 0.17200000000000001 0.4981949458483755
6 0.534 0.6768953068592058 0.032 0.09025270758122744
0 0.504 0.6046931407942239 0.048 0.09747292418772563
0 0.5 0.5866425992779783 0.04 0.05415162454873646
0 0.801 0.6750902527075813 0.314 0.3537906137184116
