0 0.2128935532233883 0.62 0.4197901049475262 0.424
0 0.15817091454272864 0.40800000000000003 0.31334332833583206 0.176
0 0.8433283358320839 0.386 0.08845577211394302 0.048
0 0.9250374812593702 0.542 0.14692653673163417 0.316
0 0.9100449775112444 0.382 0.05697151424287856 0.044
5 0.5719640179910045 0.405 0.034482758620689655 0.134
0 0.9812593703148426 0.388 0.037481259370314844 0.04
5 0.7346326836581709 0.375 0.014992503748125937 0.05
2 0.35907046476761617 0.161 0.046476761619190406 0.03
5 0.7781109445277361 0.374 0.017991004497751123 0.044
5 0.3913043478260869 0.374 0.014992503748125937 0.056
2 0.553223388305847 0.298 0.014992503748125937 0.044
2 0.669415292353823 0.151 0.04947526236881559 0.034
2 0.39355322338830584 0.167 0.034482758620689655 0.038
