0 0.19790104947526235 0.5680000000000001 0.37181409295352325 0.23600000000000002
5 0.5614692653673163 0.577 0.07946026986506746 0.21
5 0.9205397301349325 0.676 0.15892053973013492 0.47600000000000003
0 0.3770614692653673 0.534 0.2083958020989505 0.128
5 0.6559220389805097 0.514 0.037481259370314844 0.1
0 0.017991004497751123 0.519 0.035982008995502246 0.114
0 0.7766116941529235 0.487 0.12293853073463268 0.058
5 0.7856071964017991 0.495 0.026986506746626684 0.074
0 0.49400299850074963 0.47500000000000003 0.08545727136431784 0.03
0 0.3695652173913043 0.482 0.17841079460269865 0.064
0 0.35082458770614694 0.467 0.1409295352323838 0.034
5 0.8418290854572713 0.502 0.034482758620689655 0.07200000000000001
5 0.985007496251874 0.5710000000000001 0.029985007496251874 0.158
5 0.7443778110944528 0.468 0.013493253373313342 0.02
5 0.9730134932533733 0.709 0.05697151424287856 0.506
