0 0.42733333333333334 0.353 0.5026666666666666 0.322
5 0.326 0.484 0.11599999999999999 0.48
5 0.16533333333333333 0.486 0.13333333333333333 0.488
5 0.9186666666666666 0.218 0.026666666666666665 0.076
0 0.522 0.211 0.04133333333333333 0.038
5 0.984 0.21 0.024 0.06
6 0.9153333333333333 0.23900000000000002 0.022666666666666665 0.038
5 0.39 0.259 0.06266666666666666 0.066
5 0.17866666666666667 0.23500000000000001 0.024 0.042
5 0.99 0.194 0.02 0.096
5 0.7873333333333333 0.202 0.02 0.044
5 0.092 0.24 0.016 0.056
2 0.30533333333333335 0.11 0.018666666666666665 0.048
1 0.652 0.17 0.018666666666666665 0.024
1 0.8086666666666666 0.148 0.012 0.028
