4 0.5086551264980027 0.506 0.2663115845539281 0.2
0 0.29027962716378164 0.628 0.20772303595206393 0.2
5 0.9194407456724368 0.632 0.0758988015978695 0.252
0 0.08788282290279628 0.5740000000000001 0.09320905459387484 0.1
5 0.6797603195739015 0.521 0.02529960053262317 0.094
0 0.15912117177097204 0.547 0.07323568575233023 0.09
5 0.5798934753661785 0.614 0.04394141145139814 0.20400000000000001
5 0.9786950732356858 0.547 0.03994673768308922 0.10200000000000001
0 0.02330226364846871 0.545 0.04660452729693742 0.078
4 0.18508655126498003 0.502 0.037283621837549935 0.052000000000000005
3 0.7962716378162451 0.591 0.23435419440745675 0.25
4 0.22170439414114515 0.501 0.04394141145139814 0.058
5 0.7709720372836218 0.609 0.061251664447403466 0.202
5 0.648468708388815 0.517 0.02130492676431425 0.07
5 0.992676431424767 0.718 0.014647137150466047 0.112
2 0.5905459387483356 0.4 0.01997336884154461 0.036000000000000004
1 0.288948069241012 0.464 0.018641810918774968 0.04
7 0.3015978695073236 0.299 0.009320905459387484 0.022
7 0.0559254327563249 0.214 0.010652463382157125 0.024
