5 0.11545454545454545 0.5605326876513318 0.038181818181818185 0.12348668280871672
0 0.40636363636363637 0.48426150121065376 0.07090909090909091 0.04842615012106538
0 0.6372727272727273 0.5036319612590799 0.06727272727272728 0.04358353510895884
0 0.5218181818181818 0.5084745762711864 0.07272727272727272 0.05811138014527845
2 0.3427272727272727 0.41888619854721554 0.023636363636363636 0.053268765133171914
0 0.25272727272727274 0.49273607748184023 0.07272727272727272 0.06537530266343826
5 0.4763636363636364 0.562953995157385 0.04363636363636364 0.11864406779661017
0 0.32727272727272727 0.5108958837772397 0.16 0.09200968523002422
0 0.99 0.47336561743341404 0.02 0.026634382566585957
0 0.7054545454545454 0.4987893462469734 0.04 0.0387409200968523
5 0.9136363636363637 0.4963680387409201 0.012727272727272728 0.029055690072639227
0 0.6881818181818182 0.49757869249394676 0.04909090909090909 0.04116222760290557
0 0.8018181818181818 0.4878934624697337 0.03272727272727273 0.031476997578692496
0 0.7563636363636363 0.49031476997578693 0.04363636363636364 0.04116222760290557
1 0.9754545454545455 0.3789346246973366 0.012727272727272728 0.01694915254237288
1 0.9918181818181818 0.3789346246973366 0.012727272727272728 0.01694915254237288
