0 0.43133333333333335 0.676 0.124 0.156
5 0.852 0.725 0.088 0.27
5 0.9466666666666667 0.724 0.09066666666666666 0.244
5 0.7593333333333333 0.6940000000000001 0.05466666666666666 0.224
5 0.12333333333333332 0.627 0.017333333333333333 0.058
5 0.09999999999999999 0.633 0.018666666666666665 0.07
5 0.6853333333333333 0.6930000000000001 0.06933333333333333 0.20600000000000002
5 0.082 0.633 0.022666666666666665 0.07
5 0.14666666666666667 0.625 0.018666666666666665 0.062
5 0.24133333333333332 0.627 0.018666666666666665 0.05
0 0.5306666666666666 0.615 0.029333333333333333 0.034
0 0.33066666666666666 0.626 0.04 0.036000000000000004
5 0.6526666666666666 0.7000000000000001 0.04666666666666666 0.192
5 0.25866666666666666 0.627 0.016 0.05
6 0.9313333333333333 0.796 0.09466666666666666 0.088
5 0.13466666666666666 0.627 0.03733333333333333 0.058
4 0.42 0.592 0.072 0.064
5 0.27066666666666667 0.621 0.016 0.058
5 0.5726666666666667 0.613 0.022666666666666665 0.046
0 0.488 0.621 0.026666666666666665 0.054
