0 0.29453125 0.6229885057471264 0.3328125 0.20229885057471264
5 0.640625 0.6103448275862069 0.05 0.18160919540229886
5 0.58125 0.6 0.059375000000000004 0.21149425287356322
0 0.86328125 0.564367816091954 0.20468750000000002 0.10344827586206896
5 0.8609375 0.5942528735632184 0.046875 0.18160919540229886
5 0.43515625 0.5379310344827586 0.0234375 0.05517241379310345
5 0.41718750000000004 0.5344827586206896 0.018750000000000003 0.05747126436781609
5 0.45859375 0.539080459770115 0.0234375 0.052873563218390804
5 0.478125 0.535632183908046 0.015625 0.04597701149425287
0 0.57578125 0.5459770114942528 0.1203125 0.05747126436781609
0 0.017968750000000002 0.5252873563218391 0.035937500000000004 0.034482758620689655
0 0.27109375 0.5172413793103449 0.0546875 0.01839080459770115
0 0.92890625 0.5367816091954023 0.0890625 0.04827586206896552
2 0.54921875 0.4632183908045977 0.010937500000000001 0.029885057471264367
8 0.9578125000000001 0.7057471264367816 0.084375 0.16091954022988506
0 0.3140625 0.506896551724138 0.03125 0.011494252873563218
0 0.39296875000000003 0.5275862068965517 0.0328125 0.03908045977011494
0 0.35703125 0.5241379310344827 0.045312500000000006 0.03218390804597701
1 0.93671875 0.1528735632183908 0.0765625 0.3057471264367816
